parameter	Method	Error_moyenne	Error_ecart_type	NMI_moyenne	NMI_ecart_type	ARI_moyenne	ARI_ecart_type
0.0133333333333333	Bias-adjusted SoS	0.3763	0.1685	0.2456	0.2173	0.2593	0.2419
0.0133333333333333	DC-MASE	0.5875	0.041	0.0304	0.0326	0.0168	0.032
0.0133333333333333	MASE	0.4757	0.1171	0.1268	0.1264	0.1249	0.1414
0.0133333333333333	OLMF	0.5408	0.1372	0.0966	0.196	0.0832	0.1981
0.0133333333333333	Sum A	0.5747	0.0825	0.0424	0.0793	0.0326	0.0887
0.0133333333333333	graph-tool	0.4642	0.1985	0.2252	0.3174	0.2102	0.3214
0.0133333333333333	mFROST	0.5214	0.0985	0.0829	0.1017	0.0768	0.1098
0.0266666666666667	Bias-adjusted SoS	0.1375	0.1556	0.6635	0.2881	0.6895	0.2945
0.0266666666666667	DC-MASE	0.2771	0.1971	0.4273	0.3041	0.4457	0.3251
0.0266666666666667	MASE	0.1879	0.165	0.5571	0.2809	0.5869	0.2956
0.0266666666666667	OLMF	0.4469	0.2223	0.2642	0.3582	0.2425	0.3557
0.0266666666666667	Sum A	0.5194	0.1533	0.1078	0.1865	0.1048	0.2083
0.0266666666666667	graph-tool	0.1177	0.1978	0.7987	0.3235	0.7922	0.3368
0.0266666666666667	mFROST	0.1717	0.2076	0.6453	0.3561	0.6618	0.3662
0.04	Bias-adjusted SoS	0.0635	0.1265	0.8411	0.2391	0.8575	0.2388
0.04	DC-MASE	0.0733	0.1145	0.8013	0.2311	0.8256	0.2257
0.04	MASE	0.0611	0.098	0.8204	0.2122	0.8466	0.2039
0.04	OLMF	0.384	0.2549	0.3897	0.4143	0.3627	0.4147
0.04	Sum A	0.4586	0.1943	0.1855	0.2549	0.189	0.279
0.04	graph-tool	0.0225	0.0958	0.9588	0.1571	0.9587	0.1646
0.04	mFROST	0.0256	0.0883	0.9361	0.1695	0.9439	0.1661
0.0533333333333333	Bias-adjusted SoS	0.0402	0.1165	0.9061	0.2112	0.9154	0.2097
0.0533333333333333	DC-MASE	0.0261	0.0676	0.9238	0.1426	0.9368	0.1355
0.0533333333333333	MASE	0.0229	0.0591	0.9262	0.1407	0.9401	0.1302
0.0533333333333333	OLMF	0.3515	0.2628	0.4296	0.4296	0.4056	0.4327
0.0533333333333333	Sum A	0.4087	0.2125	0.248	0.2938	0.2576	0.319
0.0533333333333333	graph-tool	0.0132	0.0752	0.9787	0.12	0.9774	0.1263
0.0533333333333333	mFROST	0.0076	0.052	0.9809	0.0981	0.9836	0.0956
0.0666666666666667	Bias-adjusted SoS	0.0287	0.1012	0.9359	0.1908	0.94	0.1905
0.0666666666666667	DC-MASE	0.0146	0.0582	0.9623	0.1109	0.9681	0.1069
0.0666666666666667	MASE	0.0121	0.0501	0.9659	0.1071	0.9709	0.1029
0.0666666666666667	OLMF	0.333	0.2567	0.4696	0.4196	0.4388	0.4223
0.0666666666666667	Sum A	0.3607	0.22	0.3103	0.3177	0.3242	0.3407
0.0666666666666667	graph-tool	0.0037	0.0353	0.9935	0.0592	0.9934	0.0618
0.0666666666666667	mFROST	0.0055	0.0513	0.9893	0.0893	0.9897	0.0909
0.08	Bias-adjusted SoS	0.0279	0.1044	0.9426	0.1888	0.9451	0.1892
0.08	DC-MASE	0.0066	0.0385	0.9802	0.0858	0.9836	0.0831
0.08	MASE	0.0063	0.0404	0.9822	0.0864	0.985	0.0847
0.08	OLMF	0.3061	0.2747	0.5134	0.4433	0.49	0.4492
0.08	Sum A	0.3237	0.2179	0.3589	0.3229	0.3773	0.3461
0.08	graph-tool	0.0037	0.034	0.9915	0.0721	0.9915	0.0749
0.08	mFROST	7e-04	0.0042	0.9972	0.0169	0.998	0.0124
0.0933333333333333	Bias-adjusted SoS	0.0238	0.093	0.95	0.1719	0.9514	0.173
0.0933333333333333	DC-MASE	0.0111	0.0571	0.9793	0.0975	0.9806	0.0965
0.0933333333333333	MASE	0.0031	0.0183	0.9893	0.0554	0.9913	0.0489
0.0933333333333333	OLMF	0.2936	0.2713	0.5388	0.437	0.5126	0.4438
0.0933333333333333	Sum A	0.3116	0.2169	0.3764	0.3292	0.3951	0.3513
0.0933333333333333	graph-tool	9e-04	0.0051	0.9968	0.019	0.9975	0.0148
0.0933333333333333	mFROST	1e-04	0.0013	0.9994	0.006	0.9996	0.004
0.106666666666667	Bias-adjusted SoS	0.0205	0.0893	0.957	0.1621	0.9588	0.1622
0.106666666666667	DC-MASE	8e-04	0.0074	0.9972	0.0256	0.9977	0.0211
0.106666666666667	MASE	0.0012	0.0071	0.995	0.0279	0.9965	0.0204
0.106666666666667	OLMF	0.2899	0.2706	0.5418	0.4368	0.5171	0.4435
0.106666666666667	Sum A	0.2934	0.2136	0.4028	0.3311	0.4231	0.3514
0.106666666666667	graph-tool	9e-04	0.005	0.9969	0.0157	0.9973	0.0145
0.106666666666667	mFROST	1e-04	7e-04	0.9997	0.003	0.9998	0.002
0.12	Bias-adjusted SoS	0.0187	0.0846	0.9605	0.1554	0.9618	0.1556
0.12	DC-MASE	0.0015	0.0124	0.9946	0.0414	0.9957	0.0345
0.12	MASE	9e-04	0.0069	0.9966	0.0261	0.9975	0.02
0.12	OLMF	0.274	0.2705	0.5697	0.4377	0.5434	0.4458
0.12	Sum A	0.2739	0.2141	0.4365	0.3348	0.4573	0.3541
0.12	graph-tool	0.0011	0.0063	0.9965	0.0186	0.9967	0.018
0.12	mFROST	0	0	1	0	1	0
0.133333333333333	Bias-adjusted SoS	0.0166	0.0787	0.9649	0.1442	0.9659	0.1453
0.133333333333333	DC-MASE	5e-04	0.0047	0.9979	0.0186	0.9984	0.0139
0.133333333333333	MASE	3e-04	0.0022	0.9986	0.0091	0.999	0.0065
0.133333333333333	OLMF	0.2764	0.273	0.5689	0.4372	0.5424	0.4454
0.133333333333333	Sum A	0.2542	0.2106	0.4608	0.3348	0.4862	0.3539
0.133333333333333	graph-tool	0.0013	0.0127	0.9972	0.0248	0.9968	0.0305
0.133333333333333	mFROST	0	0	1	0	1	0
0.146666666666667	Bias-adjusted SoS	0.0149	0.075	0.9685	0.1369	0.9694	0.1381
0.146666666666667	DC-MASE	1e-04	7e-04	0.9997	0.003	0.9998	0.002
0.146666666666667	MASE	4e-04	0.0023	0.9983	0.0098	0.9988	0.0068
0.146666666666667	OLMF	0.2715	0.2683	0.5769	0.43	0.5488	0.4384
0.146666666666667	Sum A	0.2476	0.2138	0.4768	0.3395	0.5022	0.3585
0.146666666666667	graph-tool	3e-04	0.0027	0.9991	0.0087	0.9992	0.0078
0.146666666666667	mFROST	0	0	1	0	1	0
0.16	Bias-adjusted SoS	0.0149	0.0782	0.9706	0.1332	0.9712	0.1348
0.16	DC-MASE	1e-04	0.0013	0.9994	0.0059	0.9996	0.004
0.16	MASE	0	0	1	0	1	0
0.16	OLMF	0.2605	0.2756	0.5936	0.4412	0.5693	0.4501
0.16	Sum A	0.2345	0.2123	0.4969	0.3427	0.523	0.3595
0.16	graph-tool	7e-04	0.0051	0.9977	0.0149	0.9979	0.0145
0.16	mFROST	0	0	1	0	1	0
