1 1
2 1
3 1
4 1
5 1
6 1
7 1
8 1
9 1
10 1
11 1
12 1
13 1
14 1
15 1
16 1
17 1
18 1
19 1
20 1
21 1
22 1
23 1
24 1
25 1
26 1
27 1
28 1
29 1
30 1
31 1
32 1
33 1
34 1
35 1
36 1
37 1
38 1
39 1
40 1
41 1
42 1
43 1
44 1
45 1
46 1
47 1
48 1
49 1
50 1
51 1
52 1
53 1
54 1
55 1
56 1
57 1
58 1
59 1
60 1
61 1
62 1
63 1
64 1
65 1
66 1
67 1
68 1
69 1
70 1
71 1
72 1
73 1
74 1
75 1
76 1
77 1
78 1
79 1
80 1
81 1
82 1
83 1
84 1
85 1
86 1
87 1
88 1
89 1
90 1
91 1
92 1
93 1
94 1
95 1
96 1
97 1
98 1
99 1
100 1
101 1
102 1
103 1
104 1
105 1
106 1
107 1
108 1
109 1
110 1
111 1
112 1
113 1
114 1
115 1
116 1
117 1
118 1
119 1
120 1
121 1
122 1
123 1
124 1
125 1
126 1
127 1
128 1
129 1
130 1
131 1
132 1
133 1
134 1
135 1
136 1
137 1
138 1
139 1
140 1
141 1
142 1
143 1
144 1
145 1
146 1
147 1
148 1
149 1
150 1
151 1
152 1
153 1
154 1
155 1
156 1
157 1
158 1
159 1
160 1
161 1
162 1
163 1
164 1
165 1
166 1
167 1
168 1
169 1
170 1
171 1
172 1
173 1
174 1
175 1
176 1
177 1
178 1
179 1
180 1
181 1
182 1
183 1
184 1
185 1
186 1
187 1
188 1
189 1
190 1
191 1
192 1
193 1
194 1
195 1
196 1
197 1
198 1
199 1
200 1
201 1
202 1
203 1
204 1
205 1
206 1
207 1
208 1
209 1
210 1
211 1
212 1
213 1
214 1
215 1
216 1
217 1
218 1
219 1
220 1
221 1
222 1
223 1
224 1
225 1
226 1
227 1
228 1
229 1
230 1
231 1
232 1
233 1
234 1
235 1
236 1
237 1
238 1
239 1
240 1
241 1
242 1
243 1
244 1
245 1
246 1
247 1
248 1
249 1
250 1
251 1
252 1
253 1
254 1
255 1
256 1
257 1
258 1
259 1
260 1
261 1
262 1
263 1
264 1
265 1
266 1
267 1
268 1
269 1
270 1
271 1
272 1
273 1
274 1
275 1
276 1
277 1
278 1
279 1
280 1
281 1
282 1
283 1
284 1
285 1
286 1
287 1
288 1
289 1
290 1
291 1
292 1
293 1
294 1
295 1
296 1
297 1
298 1
299 1
300 1
301 1
302 1
303 1
304 1
305 1
306 1
307 1
308 1
309 1
310 1
311 1
312 1
313 1
314 1
315 1
316 1
317 1
318 1
319 1
320 1
321 1
322 1
323 1
324 1
325 1
326 1
327 1
328 1
329 1
330 1
331 1
332 1
333 1
334 1
335 1
336 1
337 1
338 1
339 1
340 1
341 1
342 1
343 1
344 1
345 1
346 1
347 1
348 1
349 1
350 1
351 1
352 1
353 1
354 1
355 1
356 1
357 1
358 1
359 1
360 1
361 1
362 1
363 1
364 1
365 1
366 1
367 1
368 1
369 1
370 1
371 1
372 1
373 1
374 1
375 1
376 1
377 1
378 1
379 1
380 1
381 1
382 1
383 1
384 1
385 1
386 1
387 1
388 1
389 1
390 1
391 1
392 1
393 1
394 1
395 1
396 1
397 1
398 1
399 1
400 1
401 1
402 1
403 1
404 1
405 1
406 1
407 1
408 1
409 1
410 1
411 1
412 1
413 1
414 1
415 1
416 1
417 1
418 1
419 1
420 1
421 1
422 1
423 1
424 1
425 1
426 1
427 1
428 1
429 1
430 1
431 1
432 1
433 1
434 1
435 1
436 1
437 1
438 1
439 1
440 1
441 1
442 1
443 1
444 1
445 1
446 1
447 1
448 1
449 1
450 1
451 1
452 1
453 1
454 1
455 1
456 1
457 1
458 1
459 1
460 1
461 1
462 1
463 1
464 1
465 1
466 1
467 1
468 2
469 2
470 2
471 2
472 2
473 2
474 2
475 2
476 2
477 2
478 2
479 2
480 2
481 2
482 2
483 2
484 2
485 2
486 2
487 2
488 2
489 2
490 2
491 2
492 2
493 2
494 2
495 2
496 2
497 2
498 2
499 2
500 2
501 2
502 2
503 2
504 2
505 2
506 2
507 2
508 2
509 2
510 2
511 2
512 2
513 2
514 2
515 2
516 2
517 2
518 2
519 2
520 2
521 2
522 2
523 2
524 2
525 2
526 2
527 2
528 2
529 2
530 2
531 2
532 2
533 2
534 2
535 2
536 2
537 2
538 2
539 2
540 2
541 2
542 2
543 2
544 2
545 2
546 2
547 2
548 2
549 2
550 2
551 2
552 2
553 2
554 2
555 2
556 2
557 2
558 2
559 2
560 2
561 2
562 2
563 2
564 2
565 2
566 2
567 2
568 2
569 2
570 2
571 2
572 2
573 2
574 2
575 2
576 2
577 2
578 2
579 2
580 2
581 2
582 2
583 2
584 2
585 2
586 2
587 2
588 2
589 2
590 2
591 2
592 2
593 2
594 2
595 2
596 2
597 2
598 2
599 2
600 2
601 2
602 2
603 2
604 2
605 2
606 2
607 2
608 2
609 2
610 2
611 2
612 2
613 2
614 2
615 2
616 2
617 2
618 2
619 2
620 2
621 2
622 2
623 2
624 2
625 2
626 2
627 2
628 2
629 2
630 2
631 2
632 2
633 2
634 2
635 2
636 2
637 2
638 2
639 2
640 2
641 2
642 2
643 2
644 2
645 2
646 2
647 2
648 2
649 2
650 2
651 2
652 2
653 2
654 2
655 2
656 2
657 2
658 2
659 2
660 2
661 2
662 2
663 2
664 2
665 2
666 2
667 2
668 2
669 2
670 2
671 2
672 2
673 2
674 2
675 2
676 2
677 2
678 2
679 2
680 2
681 2
682 2
683 2
684 2
685 2
686 2
687 2
688 2
689 2
690 2
691 2
692 2
693 2
694 2
695 2
696 2
697 2
698 2
699 2
700 2
701 2
702 2
703 2
704 2
705 2
706 2
707 2
708 2
709 2
710 2
711 2
712 2
713 2
714 2
715 2
716 2
717 2
718 2
719 2
720 2
721 2
722 2
723 2
724 2
725 2
726 2
727 2
728 2
729 2
730 2
731 2
732 2
733 2
734 2
735 2
736 2
737 2
738 2
739 2
740 2
741 2
742 2
743 2
744 2
745 2
746 2
747 2
748 2
749 2
750 2
751 2
752 2
753 2
754 2
755 2
756 2
757 2
758 2
759 2
760 2
761 2
762 2
763 2
764 2
765 2
766 2
767 2
768 2
769 2
770 2
771 2
772 2
773 2
774 2
775 2
776 2
777 2
778 2
779 2
780 2
781 2
782 2
783 2
784 2
785 2
786 2
787 2
788 2
789 2
790 2
791 2
792 2
793 2
794 2
795 2
796 2
797 2
798 2
799 2
800 2
801 2
802 2
803 2
804 2
805 2
806 2
807 2
808 2
809 2
810 2
811 2
812 2
813 2
814 2
815 2
816 2
817 2
818 2
819 2
820 2
821 2
822 2
823 2
824 2
825 2
826 2
827 2
828 2
829 2
830 2
831 2
832 2
833 2
834 2
835 2
836 2
837 2
838 2
839 2
840 2
841 2
842 2
843 2
844 2
845 2
846 2
847 2
848 2
849 2
850 2
851 2
852 2
853 2
854 2
855 2
856 2
857 2
858 2
859 2
860 2
861 2
862 2
863 2
864 2
865 2
866 2
867 2
868 2
869 2
870 2
871 2
872 2
873 2
874 2
875 2
876 2
877 2
878 2
879 2
880 2
881 2
882 2
883 2
884 2
885 2
886 2
887 2
888 2
889 2
890 2
891 2
892 2
893 2
894 2
895 2
896 2
897 2
898 2
899 2
900 2
901 2
902 2
903 3
904 3
905 3
906 3
907 3
908 3
909 3
910 3
911 3
912 3
913 3
914 3
915 3
916 3
917 3
918 3
919 3
920 3
921 3
922 3
923 3
924 3
925 3
926 3
927 3
928 3
929 3
930 3
931 3
932 3
933 3
934 3
935 3
936 3
937 3
938 3
939 3
940 3
941 3
942 3
943 3
944 3
945 3
946 3
947 3
948 3
949 3
950 3
951 3
952 3
953 3
954 3
955 3
956 3
957 3
958 3
959 3
960 3
961 3
962 3
963 3
964 3
965 3
966 3
967 3
968 3
969 3
970 3
971 3
972 3
973 3
974 3
975 3
976 3
977 3
978 3
979 3
980 3
981 3
982 3
983 3
984 3
985 3
986 3
987 3
988 3
989 3
990 3
991 3
992 3
993 3
994 3
995 3
996 3
997 3
998 3
999 3
1000 3
1001 3
1002 3
1003 3
1004 3
1005 3
1006 3
1007 3
1008 3
1009 3
1010 3
1011 3
1012 3
1013 3
1014 3
1015 3
1016 3
1017 3
1018 3
1019 3
1020 3
1021 3
1022 3
1023 3
1024 3
1025 3
1026 3
1027 3
1028 3
1029 3
1030 3
1031 3
1032 3
1033 3
1034 3
1035 3
1036 3
1037 3
1038 3
1039 3
1040 3
1041 3
1042 3
1043 3
1044 3
1045 3
1046 3
1047 3
1048 3
1049 3
1050 3
1051 3
1052 3
1053 3
1054 3
1055 3
1056 3
1057 3
1058 3
1059 3
1060 3
1061 3
1062 3
1063 3
1064 3
1065 3
1066 3
1067 3
1068 3
1069 3
1070 3
1071 3
1072 3
1073 3
1074 3
1075 3
1076 3
1077 3
1078 3
1079 3
1080 3
1081 3
1082 3
1083 3
1084 3
1085 3
1086 3
1087 3
1088 3
1089 3
1090 3
1091 3
1092 3
1093 3
1094 3
1095 3
1096 3
1097 3
1098 3
1099 3
1100 3
1101 3
1102 3
1103 3
1104 3
1105 3
1106 3
1107 3
1108 3
1109 3
1110 3
1111 3
1112 3
1113 3
1114 3
1115 3
1116 3
1117 3
1118 3
1119 3
1120 3
1121 3
1122 3
1123 3
1124 3
1125 3
1126 3
1127 3
1128 3
1129 3
1130 3
1131 3
1132 3
1133 3
1134 3
1135 3
1136 3
1137 3
1138 3
1139 3
1140 3
1141 3
1142 3
1143 3
1144 3
1145 3
1146 3
1147 3
1148 3
1149 3
1150 3
1151 3
1152 3
1153 3
1154 3
1155 3
1156 3
1157 3
1158 3
1159 3
1160 3
1161 3
1162 3
1163 3
1164 3
1165 3
1166 3
1167 3
1168 3
1169 3
1170 3
1171 3
1172 3
1173 3
1174 3
1175 3
1176 3
1177 3
1178 3
1179 3
1180 3
1181 3
1182 3
1183 3
1184 3
1185 3
1186 3
1187 3
1188 3
1189 3
1190 3
1191 3
1192 3
1193 3
1194 3
1195 3
1196 3
1197 3
1198 3
1199 3
1200 3
1201 3
1202 3
1203 3
1204 3
1205 3
1206 3
1207 3
1208 3
1209 3
1210 3
1211 3
1212 3
1213 3
1214 3
1215 3
1216 3
1217 3
1218 3
1219 3
1220 3
1221 3
1222 3
1223 3
1224 3
1225 3
1226 3
1227 3
1228 3
1229 3
1230 3
1231 3
1232 3
1233 3
1234 3
1235 3
1236 3
1237 3
1238 3
1239 3
1240 3
1241 3
1242 3
1243 3
1244 3
1245 3
1246 3
1247 3
1248 3
1249 3
1250 3
1251 3
1252 3
1253 3
1254 3
1255 3
1256 3
1257 3
1258 3
1259 3
1260 3
1261 3
1262 3
1263 3
1264 3
1265 3
1266 3
1267 3
1268 3
1269 3
1270 3
1271 3
1272 3
1273 3
1274 3
1275 3
1276 3
1277 3
1278 3
1279 3
1280 3
1281 3
1282 3
1283 3
1284 3
1285 3
1286 3
1287 3
1288 3
1289 3
1290 3
1291 3
1292 3
1293 3
1294 3
1295 3
1296 3
1297 3
1298 3
1299 3
1300 3
1301 3
1302 3
1303 3
1304 3
1305 3
1306 3
1307 3
1308 3
1309 3
1310 3
1311 3
1312 3
1313 3
1314 3
1315 3
1316 3
1317 3
1318 3
1319 3
1320 3
1321 3
1322 3
1323 3
1324 3
1325 3
1326 3
1327 3
1328 3
1329 3
1330 3
1331 3
1332 3
1333 3
1334 3
1335 3
1336 3
1337 3
1338 4
1339 4
1340 4
1341 4
1342 4
1343 4
1344 4
1345 4
1346 4
1347 4
1348 4
1349 4
1350 4
1351 4
1352 4
1353 4
1354 4
1355 4
1356 4
1357 4
1358 4
1359 4
1360 4
1361 4
1362 4
1363 4
1364 4
1365 4
1366 4
1367 4
1368 4
1369 4
1370 4
1371 4
1372 4
1373 4
1374 4
1375 4
1376 4
1377 4
1378 4
1379 4
1380 4
1381 4
1382 4
1383 4
1384 4
1385 4
1386 4
1387 4
1388 4
1389 4
1390 4
1391 4
1392 4
1393 4
1394 4
1395 4
1396 4
1397 4
1398 4
1399 4
1400 4
1401 4
1402 4
1403 4
1404 4
1405 4
1406 4
1407 4
1408 4
1409 4
1410 4
1411 4
1412 4
1413 4
1414 4
1415 4
1416 4
1417 4
1418 4
1419 4
1420 4
1421 4
1422 4
1423 4
1424 4
1425 4
1426 4
1427 4
1428 4
1429 4
1430 4
1431 4
1432 4
1433 4
1434 4
1435 4
1436 4
1437 4
1438 4
1439 4
1440 4
1441 4
1442 4
1443 4
1444 4
1445 4
1446 4
1447 4
1448 4
1449 4
1450 4
1451 4
1452 4
1453 4
1454 4
1455 4
1456 4
1457 4
1458 4
1459 4
1460 4
1461 4
1462 4
1463 4
1464 4
1465 4
1466 4
1467 4
1468 4
1469 4
1470 4
1471 4
1472 4
1473 4
1474 4
1475 4
1476 4
1477 4
1478 4
1479 4
1480 4
1481 4
1482 4
1483 4
1484 4
1485 4
1486 4
1487 4
1488 4
1489 4
1490 4
1491 4
1492 4
1493 4
1494 4
1495 4
1496 4
1497 4
1498 4
1499 4
1500 4
1501 4
1502 4
1503 4
1504 4
1505 4
1506 4
1507 4
1508 4
1509 4
1510 4
1511 4
1512 4
1513 4
1514 4
1515 4
1516 4
1517 4
1518 4
1519 4
1520 4
1521 4
1522 4
1523 4
1524 4
1525 4
1526 4
1527 4
1528 4
1529 4
1530 4
1531 4
1532 4
1533 4
1534 4
1535 4
1536 4
1537 4
1538 5
1539 5
1540 5
1541 5
1542 5
1543 5
1544 5
1545 5
1546 5
1547 5
1548 5
1549 5
1550 5
1551 5
1552 5
1553 5
1554 5
1555 5
1556 5
1557 5
1558 5
1559 5
1560 5
1561 5
1562 5
1563 5
1564 5
1565 5
1566 5
1567 5
1568 5
1569 5
1570 5
1571 5
1572 5
1573 5
1574 5
1575 5
1576 5
1577 5
1578 5
1579 5
1580 5
1581 5
1582 5
1583 5
1584 5
1585 5
1586 5
1587 5
1588 5
1589 5
1590 5
1591 5
1592 5
1593 5
1594 5
1595 5
1596 5
1597 5
1598 5
1599 5
1600 5
1601 5
1602 5
1603 5
1604 5
1605 5
1606 5
1607 5
1608 5
1609 5
1610 5
1611 5
1612 5
1613 5
1614 5
1615 5
1616 5
1617 5
1618 5
1619 5
1620 5
1621 5
1622 5
1623 5
1624 5
1625 5
1626 5
1627 5
1628 5
1629 5
1630 5
1631 5
1632 5
1633 5
1634 5
1635 5
1636 5
1637 5
1638 5
1639 5
1640 5
1641 5
1642 5
1643 5
1644 5
1645 5
1646 5
1647 5
1648 5
1649 5
1650 5
1651 5
1652 5
1653 5
1654 5
1655 5
1656 5
1657 5
1658 5
1659 5
1660 5
1661 5
1662 5
1663 5
1664 5
1665 5
1666 5
1667 5
1668 5
1669 5
1670 5
1671 5
1672 5
1673 5
1674 5
1675 5
1676 5
1677 5
1678 5
1679 5
1680 5
1681 5
1682 5
1683 5
1684 5
1685 5
1686 5
1687 5
1688 5
1689 5
1690 5
1691 5
1692 5
1693 5
1694 5
1695 5
1696 5
1697 5
1698 5
1699 5
1700 5
1701 5
1702 5
1703 5
1704 5
1705 5
1706 5
1707 5
1708 5
1709 5
1710 5
1711 5
1712 5
1713 5
1714 5
1715 5
1716 5
1717 5
1718 5
1719 5
1720 5
1721 5
1722 5
1723 5
1724 5
1725 5
1726 5
1727 5
1728 5
1729 5
1730 5
1731 5
1732 5
1733 5
1734 5
1735 5
1736 5
1737 5
1738 5
1739 5
1740 5
1741 5
1742 5
1743 5
1744 5
1745 5
1746 5
1747 5
1748 5
1749 5
1750 5
1751 5
1752 5
1753 5
1754 5
1755 5
1756 5
1757 5
1758 5
1759 5
1760 5
1761 5
1762 5
1763 5
1764 5
1765 5
1766 5
1767 5
1768 5
1769 5
1770 5
1771 5
1772 5
1773 5
1774 5
1775 5
1776 5
1777 5
1778 5
1779 5
1780 5
1781 5
1782 5
1783 5
1784 5
1785 5
1786 5
1787 5
1788 5
1789 5
1790 5
1791 5
1792 5
1793 5
1794 5
1795 5
1796 5
1797 5
1798 5
1799 5
1800 5
1801 5
1802 5
1803 5
1804 5
1805 5
1806 5
1807 5
1808 5
1809 5
1810 5
1811 5
1812 5
1813 5
1814 5
1815 5
1816 5
1817 5
1818 5
1819 5
1820 5
1821 5
1822 5
1823 5
1824 5
1825 5
1826 5
1827 5
1828 5
1829 5
1830 5
1831 5
1832 5
1833 5
1834 5
1835 5
1836 5
1837 5
1838 5
1839 5
1840 5
1841 5
1842 5
1843 5
1844 5
1845 5
1846 5
1847 5
1848 5
1849 5
1850 5
1851 5
1852 5
1853 5
1854 5
1855 5
1856 5
1857 5
1858 5
1859 5
1860 5
1861 5
1862 5
1863 5
1864 5
1865 5
1866 5
1867 5
1868 5
1869 5
1870 5
1871 5
1872 5
1873 5
1874 5
1875 5
1876 5
1877 5
1878 5
1879 5
1880 5
1881 5
1882 5
1883 5
1884 5
1885 5
1886 5
1887 5
1888 5
1889 5
1890 5
1891 5
1892 5
1893 5
1894 5
1895 5
1896 5
1897 5
1898 5
1899 5
1900 5
1901 5
1902 5
1903 5
1904 5
1905 5
1906 5
1907 5
1908 5
1909 5
1910 5
1911 5
1912 5
1913 5
1914 5
1915 5
1916 5
1917 5
1918 5
1919 5
1920 5
1921 5
1922 5
1923 5
1924 5
1925 5
1926 5
1927 5
1928 5
1929 5
1930 5
1931 5
1932 5
1933 5
1934 5
1935 5
1936 5
1937 5
1938 5
1939 5
1940 5
1941 5
1942 5
1943 5
1944 5
1945 5
1946 5
1947 5
1948 5
1949 5
1950 5
1951 5
1952 5
1953 5
1954 5
1955 5
1956 5
1957 5
1958 5
1959 5
1960 5
1961 5
1962 5
1963 5
1964 5
1965 5
1966 5
1967 5
1968 5
1969 5
1970 5
1971 5
1972 5
1973 5
1974 5
1975 5
1976 5
1977 5
1978 5
1979 5
1980 5
1981 5
1982 5
1983 5
1984 5
1985 5
1986 5
1987 5
1988 5
1989 5
1990 5
1991 5
1992 5
1993 5
1994 5
1995 5
1996 5
1997 5
1998 5
1999 5
2000 5
2001 5
2002 5
2003 5
2004 5
2005 5
2006 5
2007 5
2008 5
2009 5
2010 5
2011 5
2012 5
2013 5
2014 5
2015 5
2016 5
2017 5
2018 5
2019 5
2020 5
2021 5
2022 5
2023 5
2024 5
2025 5
2026 5
2027 5
2028 5
2029 5
2030 5
2031 5
2032 5
2033 5
2034 5
2035 5
2036 5
2037 5
2038 5
2039 5
2040 5
2041 5
2042 5
2043 5
2044 5
2045 5
2046 5
2047 5
2048 5
2049 5
2050 5
2051 5
2052 5
2053 5
2054 5
2055 5
2056 5
2057 5
2058 5
2059 5
2060 5
2061 5
2062 5
2063 5
2064 5
2065 5
2066 5
2067 5
2068 5
2069 5
2070 5
2071 5
2072 5
2073 5
2074 5
2075 5
2076 5
2077 5
2078 5
2079 5
2080 5
2081 5
2082 5
2083 5
2084 5
2085 5
2086 5
2087 5
2088 5
2089 5
2090 5
2091 5
2092 5
2093 5
2094 5
2095 5
2096 5
2097 5
2098 5
2099 5
2100 5
2101 5
2102 5
2103 5
2104 5
2105 5
2106 5
2107 5
2108 5
2109 5
2110 5
2111 5
2112 5
2113 5
2114 5
2115 5
2116 5
2117 5
2118 5
2119 5
2120 5
2121 5
2122 5
2123 5
2124 5
2125 5
2126 5
2127 5
2128 5
2129 5
2130 5
2131 5
2132 5
2133 5
2134 5
2135 5
2136 5
2137 5
2138 5
2139 5
2140 5
2141 5
2142 5
2143 5
2144 5
2145 5
2146 5
2147 5
2148 5
2149 5
2150 5
2151 5
2152 5
2153 5
2154 5
2155 5
2156 5
2157 5
2158 5
2159 5
2160 5
2161 5
2162 5
2163 5
2164 5
2165 5
2166 5
2167 5
2168 5
2169 5
2170 5
2171 5
2172 5
2173 5
2174 5
2175 5
2176 5
2177 5
2178 5
2179 5
2180 5
2181 5
2182 5
2183 5
2184 5
2185 5
2186 5
2187 5
2188 5
2189 5
2190 5
2191 5
2192 5
2193 5
2194 5
2195 5
2196 5
2197 5
2198 5
2199 5
2200 5
2201 5
2202 5
2203 5
2204 5
2205 5
2206 5
2207 5
2208 5
2209 5
2210 5
2211 5
2212 5
2213 5
2214 5
2215 5
2216 5
2217 5
2218 5
2219 5
2220 5
2221 5
2222 5
2223 5
2224 5
2225 5
2226 5
2227 5
2228 5
2229 5
2230 5
2231 5
2232 5
2233 5
2234 5
2235 5
2236 5
2237 5
2238 5
2239 5
2240 5
2241 5
2242 5
2243 5
2244 5
2245 5
2246 5
2247 5
2248 5
2249 5
2250 5
2251 5
2252 5
2253 5
2254 5
2255 5
2256 5
2257 5
2258 5
2259 5
2260 5
2261 5
2262 5
2263 5
2264 5
2265 5
2266 5
2267 5
2268 5
2269 5
2270 5
2271 5
2272 5
2273 5
2274 5
2275 5
2276 5
2277 5
2278 5
2279 5
2280 5
2281 5
2282 5
2283 5
2284 5
2285 5
2286 5
2287 5
2288 5
2289 5
2290 5
2291 5
2292 5
2293 5
2294 5
2295 5
2296 5
2297 5
2298 5
2299 5
2300 5
2301 5
2302 5
2303 5
2304 5
2305 5
2306 5
2307 5
2308 5
2309 5
2310 5
2311 5
2312 5
2313 5
2314 5
2315 5
2316 5
2317 5
2318 5
2319 5
2320 5
2321 5
2322 5
2323 5
2324 5
2325 5
2326 5
2327 5
2328 5
2329 5
2330 5
2331 5
2332 5
2333 5
2334 5
2335 5
2336 6
2337 6
2338 6
2339 6
2340 6
2341 6
2342 6
2343 6
2344 6
2345 6
2346 6
2347 6
2348 6
2349 6
2350 6
2351 6
2352 6
2353 6
2354 6
2355 6
2356 6
2357 6
2358 6
2359 6
2360 6
2361 6
2362 6
2363 6
2364 6
2365 6
2366 6
2367 6
2368 6
2369 6
2370 6
2371 6
2372 6
2373 6
2374 6
2375 6
2376 6
2377 6
2378 6
2379 6
2380 6
2381 6
2382 6
2383 6
2384 6
2385 6
2386 6
2387 6
2388 6
2389 6
2390 6
2391 7
2392 7
2393 7
2394 7
2395 7
2396 7
2397 7
2398 7
2399 7
2400 7
2401 7
2402 7
2403 7
2404 7
2405 7
2406 7
2407 7
2408 7
2409 7
2410 7
2411 7
2412 7
2413 7
2414 7
2415 7
2416 7
2417 7
2418 7
2419 7
2420 7
2421 7
2422 7
2423 7
2424 7
2425 7
2426 7
2427 7
2428 7
2429 7
2430 7
2431 7
2432 7
2433 7
2434 7
2435 7
2436 7
2437 7
2438 7
2439 7
2440 7
2441 7
2442 7
2443 7
2444 7
2445 7
2446 7
2447 7
2448 7
2449 7
2450 7
2451 7
2452 7
2453 7
2454 7
2455 7
2456 7
2457 7
2458 7
2459 7
2460 7
2461 7
2462 7
2463 7
2464 7
2465 7
2466 7
2467 7
2468 7
2469 7
2470 7
2471 7
2472 7
2473 7
2474 7
2475 7
2476 7
2477 7
2478 7
2479 7
2480 7
2481 7
2482 7
2483 7
2484 7
2485 7
2486 7
2487 7
2488 7
2489 7
2490 7
2491 7
2492 7
2493 7
2494 7
2495 7
2496 7
2497 7
2498 7
2499 7
2500 7
2501 7
2502 7
2503 7
2504 7
2505 7
2506 7
2507 7
2508 7
2509 7
2510 7
2511 7
2512 7
2513 7
2514 7
2515 7
2516 7
2517 7
2518 7
2519 7
2520 7
2521 7
2522 7
2523 7
2524 7
2525 7
2526 7
2527 7
2528 7
2529 7
2530 7
2531 7
2532 7
2533 7
2534 7
2535 7
2536 7
2537 7
2538 7
2539 7
2540 7
2541 7
2542 7
2543 7
2544 7
2545 7
2546 7
2547 7
2548 7
2549 7
2550 7
2551 7
2552 7
2553 7
2554 7
2555 7
2556 7
2557 7
2558 7
2559 7
2560 7
2561 7
2562 7
2563 7
2564 7
2565 7
2566 7
2567 7
2568 7
2569 7
2570 7
2571 7
2572 7
2573 7
2574 7
2575 7
2576 7
2577 7
2578 7
2579 7
2580 7
2581 7
2582 7
2583 7
2584 7
2585 7
2586 7
2587 7
2588 7
2589 7
2590 7
2591 7
2592 7
2593 7
2594 7
2595 7
2596 7
2597 7
2598 7
2599 7
2600 7
2601 7
2602 7
2603 7
2604 7
2605 7
2606 7
2607 7
2608 7
2609 7
2610 7
2611 7
2612 7
2613 7
2614 7
2615 7
2616 7
2617 7
2618 7
2619 7
2620 7
2621 7
2622 7
2623 7
2624 7
2625 7
2626 7
2627 7
2628 7
2629 7
2630 7
2631 7
2632 7
2633 7
2634 7
2635 7
2636 7
2637 7
2638 7
2639 7
2640 7
2641 7
2642 7
2643 7
2644 7
2645 7
2646 7
2647 7
2648 7
2649 7
2650 7
2651 7
2652 7
2653 7
2654 7
2655 7
2656 7
2657 7
2658 7
2659 7
2660 7
2661 7
2662 7
2663 7
2664 7
2665 7
2666 7
2667 7
2668 7
2669 7
2670 7
2671 7
2672 7
2673 7
2674 7
2675 7
2676 7
2677 7
2678 7
2679 7
2680 7
2681 7
2682 7
2683 7
2684 7
2685 7
2686 7
2687 7
2688 7
2689 7
2690 7
2691 7
2692 7
2693 7
2694 7
2695 7
2696 7
2697 7
2698 7
2699 7
2700 7
2701 7
2702 7
2703 7
2704 7
2705 7
2706 7
2707 7
2708 7
2709 7
2710 7
2711 7
2712 7
2713 7
2714 7
2715 7
2716 7
2717 7
2718 7
2719 7
2720 7
2721 7
2722 7
2723 7
2724 7
2725 7
2726 7
2727 7
2728 7
2729 7
2730 7
2731 7
2732 7
2733 7
2734 7
2735 7
2736 7
2737 7
2738 7
2739 7
2740 7
2741 7
2742 7
2743 7
2744 7
2745 7
2746 7
2747 7
2748 7
2749 7
2750 7
2751 7
2752 7
2753 7
2754 7
2755 7
2756 7
2757 7
2758 7
2759 7
2760 7
2761 7
2762 7
2763 7
2764 7
2765 7
2766 7
2767 7
2768 7
2769 7
2770 7
2771 7
2772 7
2773 7
2774 7
2775 7
2776 7
2777 7
2778 7
2779 7
2780 7
2781 7
2782 7
2783 7
2784 7
2785 7
2786 7
2787 7
2788 7
2789 7
2790 7
2791 7
2792 7
2793 7
2794 7
2795 7
2796 7
2797 7
2798 7
2799 7
2800 7
2801 7
2802 7
2803 7
2804 7
2805 7
2806 7
2807 7
2808 7
2809 7
2810 7
2811 7
2812 7
2813 7
2814 7
2815 7
2816 7
2817 7
2818 7
2819 7
2820 7
2821 7
2822 7
2823 7
2824 7
2825 7
2826 7
2827 7
2828 7
2829 7
2830 7
2831 7
2832 7
2833 7
2834 7
2835 7
2836 7
2837 7
2838 7
2839 7
2840 7
2841 7
2842 7
2843 7
2844 7
2845 7
2846 7
2847 7
2848 7
2849 7
2850 7
2851 7
2852 7
2853 7
2854 7
2855 7
2856 7
2857 7
2858 7
2859 7
2860 7
2861 7
2862 7
2863 7
2864 7
2865 7
2866 7
2867 7
2868 7
2869 7
2870 7
2871 7
2872 7
2873 7
2874 7
2875 7
2876 7
2877 7
2878 7
2879 7
2880 7
2881 7
2882 7
2883 7
2884 7
2885 7
2886 7
2887 7
2888 7
2889 7
2890 7
2891 7
2892 7
2893 7
2894 7
2895 7
2896 7
2897 7
2898 7
2899 7
2900 7
2901 7
2902 7
2903 7
2904 7
2905 7
2906 7
2907 7
2908 7
2909 7
2910 7
2911 7
2912 7
2913 7
2914 7
2915 7
2916 7
2917 7
2918 7
2919 7
2920 7
2921 7
2922 7
2923 7
2924 7
2925 7
2926 7
2927 7
2928 7
2929 7
2930 7
2931 7
2932 7
2933 7
2934 7
2935 7
2936 7
2937 7
2938 7
2939 7
2940 7
2941 7
2942 7
2943 7
2944 7
2945 7
2946 7
2947 7
2948 7
2949 7
2950 7
2951 7
2952 7
2953 7
2954 7
2955 7
2956 7
2957 7
2958 7
2959 7
2960 7
2961 7
2962 7
2963 7
2964 7
2965 7
2966 7
2967 7
2968 7
2969 7
2970 7
2971 7
2972 7
2973 7
2974 7
2975 7
2976 7
2977 7
2978 7
2979 7
2980 7
2981 7
2982 7
2983 7
2984 7
2985 7
2986 7
2987 7
2988 7
2989 7
2990 7
2991 7
2992 7
2993 7
2994 7
2995 7
2996 7
2997 7
2998 7
2999 7
3000 7
3001 7
3002 7
3003 7
3004 7
3005 7
3006 7
3007 7
3008 7
3009 7
3010 7
3011 7
3012 7
3013 7
3014 7
3015 7
3016 7
3017 7
3018 7
3019 7
3020 7
3021 7
3022 7
3023 7
3024 7
3025 7
3026 7
3027 7
3028 7
3029 7
3030 7
3031 7
3032 7
3033 7
3034 7
3035 7
3036 7
3037 7
3038 7
3039 7
3040 7
3041 7
3042 7
3043 7
3044 7
3045 7
3046 7
3047 7
3048 7
3049 7
3050 7
3051 7
3052 7
3053 7
3054 7
3055 7
3056 7
3057 7
3058 7
3059 7
3060 7
3061 7
3062 7
3063 7
3064 7
3065 7
3066 7
3067 7
3068 7
3069 7
3070 7
3071 7
3072 7
3073 7
3074 7
3075 7
3076 7
3077 7
3078 7
3079 7
3080 7
3081 7
3082 7
3083 7
3084 7
3085 7
3086 7
3087 7
3088 7
3089 7
3090 7
3091 7
3092 7
3093 7
3094 7
3095 7
3096 7
3097 7
3098 7
3099 7
3100 7
3101 7
3102 7
3103 7
3104 7
3105 7
3106 7
3107 7
3108 7
3109 7
3110 7
3111 7
3112 7
3113 7
3114 7
3115 7
3116 7
3117 7
3118 7
3119 7
3120 7
3121 7
3122 7
3123 7
3124 7
3125 7
3126 7
3127 7
3128 7
3129 7
3130 7
3131 7
3132 7
3133 7
3134 7
3135 7
3136 7
3137 7
3138 7
3139 7
3140 7
3141 7
3142 7
3143 7
3144 7
3145 7
3146 7
3147 7
3148 7
3149 7
3150 7
3151 7
3152 7
3153 7
3154 7
3155 7
3156 7
3157 7
3158 7
3159 7
3160 7
3161 7
3162 7
3163 7
3164 7
3165 7
3166 7
3167 7
3168 7
3169 7
3170 7
3171 7
3172 7
3173 7
3174 7
3175 7
3176 7
3177 7
3178 7
3179 7
3180 7
3181 7
3182 7
3183 7
3184 7
3185 7
3186 7
3187 7
3188 7
3189 7
3190 7
3191 8
3192 8
3193 8
3194 8
3195 8
3196 8
3197 8
3198 8
3199 8
3200 8
3201 8
3202 8
3203 8
3204 8
3205 8
3206 8
3207 8
3208 8
3209 8
3210 8
3211 8
3212 8
3213 8
3214 8
3215 8
3216 8
3217 8
3218 8
3219 8
3220 8
3221 8
3222 8
3223 8
3224 8
3225 8
3226 8
3227 8
3228 8
3229 8
3230 8
3231 8
3232 8
3233 9
3234 9
3235 9
3236 9
3237 9
3238 9
3239 9
3240 9
3241 9
3242 9
3243 9
3244 9
3245 9
3246 9
3247 9
3248 9
3249 9
3250 9
3251 9
3252 9
3253 9
3254 9
3255 9
3256 9
3257 9
3258 9
3259 9
3260 9
3261 9
3262 9
3263 9
3264 9
3265 9
3266 9
3267 9
3268 9
3269 9
3270 9
3271 9
3272 9
3273 9
3274 9
3275 10
3276 10
3277 10
3278 10
3279 10
3280 10
3281 10
3282 10
3283 10
3284 10
3285 10
3286 10
3287 10
3288 10
3289 10
3290 10
3291 10
3292 10
3293 10
3294 10
3295 10
3296 10
3297 10
3298 10
3299 10
3300 10
3301 10
3302 10
3303 10
3304 10
3305 10
3306 10
3307 10
3308 10
3309 10
3310 10
3311 10
3312 10
3313 10
3314 10
3315 10
3316 10
3317 10
3318 10
3319 10
3320 10
3321 10
3322 11
3323 11
3324 11
3325 11
3326 11
3327 11
3328 11
3329 11
3330 11
3331 11
3332 11
3333 11
3334 11
3335 11
3336 11
3337 11
3338 11
3339 11
3340 11
3341 11
3342 11
3343 11
3344 11
3345 11
3346 11
3347 11
3348 11
3349 11
3350 11
3351 11
3352 11
3353 11
3354 11
3355 11
3356 11
3357 11
3358 11
3359 11
3360 11
3361 11
3362 11
3363 11
3364 11
3365 11
3366 11
3367 11
3368 11
3369 11
3370 11
3371 11
3372 11
3373 11
3374 11
3375 11
3376 12
3377 12
3378 12
3379 12
3380 12
3381 12
3382 12
3383 12
3384 12
3385 12
3386 12
3387 12
3388 12
3389 12
3390 12
3391 12
3392 12
3393 12
3394 12
3395 12
3396 12
3397 12
3398 12
3399 12
3400 12
3401 12
3402 12
3403 12
3404 12
3405 12
3406 12
3407 12
3408 12
3409 12
3410 12
3411 12
3412 12
3413 12
3414 12
3415 12
3416 12
3417 12
3418 12
3419 12
3420 12
3421 12
3422 13
3423 13
3424 13
3425 13
3426 13
3427 13
3428 13
3429 13
3430 13
3431 13
3432 13
3433 13
3434 13
3435 13
3436 13
3437 13
3438 13
3439 13
3440 13
3441 13
3442 13
3443 13
3444 13
3445 13
3446 13
3447 13
3448 13
3449 13
3450 13
3451 13
3452 13
3453 13
3454 13
3455 14
3456 14
3457 14
3458 14
3459 14
3460 14
3461 14
3462 14
3463 14
3464 14
3465 14
3466 14
3467 14
3468 14
3469 14
3470 14
3471 14
3472 14
3473 14
3474 14
3475 14
3476 14
3477 14
3478 14
3479 14
3480 14
3481 14
3482 14
3483 14
3484 14
3485 14
3486 14
3487 14
3488 14
3489 14
3490 14
3491 14
3492 14
3493 14
3494 14
3495 14
3496 14
3497 14
3498 14
3499 14
3500 14
3501 14
3502 14
3503 14
3504 14
3505 14
3506 14
3507 14
3508 14
3509 14
3510 14
3511 14
3512 14
3513 14
3514 14
3515 14
3516 14
3517 14
3518 14
3519 14
3520 14
3521 14
3522 14
3523 14
3524 14
3525 14
3526 14
3527 14
3528 14
3529 14
3530 14
3531 14
3532 14
3533 14
3534 14
3535 14
3536 14
3537 14
3538 14
3539 14
3540 14
3541 14
3542 14
3543 14
3544 14
3545 14
3546 14
3547 14
3548 14
3549 14
3550 14
3551 14
3552 14
3553 14
3554 14
3555 14
3556 14
3557 14
3558 14
3559 14
3560 14
3561 14
3562 14
3563 14
3564 14
3565 14
3566 14
3567 14
3568 14
3569 14
3570 14
3571 14
3572 14
3573 14
3574 14
3575 14
3576 14
3577 14
3578 14
3579 14
3580 14
3581 14
3582 14
3583 15
3584 15
3585 15
3586 15
3587 15
3588 15
3589 15
3590 15
3591 15
3592 15
3593 15
3594 15
3595 15
3596 15
3597 15
3598 15
3599 15
3600 15
3601 15
3602 15
3603 15
3604 15
3605 15
3606 15
3607 15
3608 15
3609 15
3610 15
3611 15
3612 15
3613 15
3614 15
3615 15
3616 15
3617 15
3618 15
3619 15
3620 15
3621 15
3622 15
3623 15
3624 15
3625 15
3626 15
3627 15
3628 15
3629 15
3630 15
3631 15
3632 15
3633 15
3634 15
3635 15
3636 15
3637 15
3638 15
3639 15
3640 15
3641 15
3642 15
3643 15
3644 15
3645 15
3646 15
3647 15
3648 15
3649 15
3650 15
3651 15
3652 15
3653 15
3654 15
3655 15
3656 15
3657 15
3658 15
3659 15
3660 15
3661 15
3662 15
3663 15
3664 15
3665 15
3666 15
3667 15
3668 15
3669 15
3670 15
3671 15
3672 15
3673 15
3674 15
3675 15
3676 15
3677 15
3678 15
3679 15
3680 15
3681 16
3682 16
3683 16
3684 16
3685 16
3686 16
3687 16
3688 16
3689 16
3690 16
3691 16
3692 16
3693 16
3694 16
3695 16
3696 16
3697 16
3698 16
3699 16
3700 16
3701 16
3702 16
3703 16
3704 16
3705 16
3706 16
3707 16
3708 16
3709 16
3710 16
3711 16
3712 16
3713 16
3714 16
3715 16
3716 16
3717 16
3718 16
3719 16
3720 16
3721 16
3722 16
3723 16
3724 17
3725 17
3726 17
3727 17
3728 17
3729 17
3730 17
3731 17
3732 17
3733 17
3734 17
3735 17
3736 17
3737 17
3738 17
3739 17
3740 17
3741 17
3742 17
3743 17
3744 17
3745 17
3746 17
3747 17
3748 17
3749 17
3750 17
3751 17
3752 17
3753 17
3754 17
3755 17
3756 17
3757 17
3758 17
3759 17
3760 17
3761 17
3762 17
3763 17
3764 17
3765 17
3766 17
3767 17
3768 17
3769 17
3770 17
3771 17
3772 17
3773 17
3774 17
3775 17
3776 17
3777 17
3778 17
3779 17
3780 17
3781 17
3782 17
3783 17
3784 17
3785 17
3786 17
3787 17
3788 17
3789 17
3790 17
3791 17
3792 17
3793 17
3794 17
3795 17
3796 17
3797 17
3798 17
3799 17
3800 17
3801 17
3802 17
3803 17
3804 17
3805 17
3806 17
3807 17
3808 17
3809 18
3810 18
3811 18
3812 18
3813 18
3814 18
3815 18
3816 18
3817 18
3818 18
3819 18
3820 18
3821 18
3822 18
3823 18
3824 18
3825 18
3826 18
3827 18
3828 18
3829 18
3830 18
3831 18
3832 18
3833 18
3834 18
3835 18
3836 18
3837 18
3838 18
3839 18
3840 18
3841 18
3842 18
3843 18
3844 18
3845 18
3846 18
3847 18
3848 18
3849 18
3850 18
3851 18
3852 18
3853 18
3854 18
3855 18
3856 18
3857 18
3858 18
3859 18
3860 18
3861 18
3862 18
3863 18
3864 18
3865 18
3866 18
3867 18
3868 18
3869 18
3870 18
3871 18
3872 18
3873 18
3874 18
3875 18
3876 18
3877 18
3878 18
3879 18
3880 18
3881 18
3882 18
3883 18
3884 18
3885 18
3886 18
3887 18
3888 18
3889 18
3890 18
3891 18
3892 18
3893 18
3894 18
3895 18
3896 18
3897 18
3898 18
3899 18
3900 19
3901 19
3902 19
3903 19
3904 19
3905 19
3906 19
3907 19
3908 19
3909 19
3910 19
3911 19
3912 19
3913 19
3914 19
3915 19
3916 19
3917 19
3918 19
3919 19
3920 19
3921 19
3922 19
3923 19
3924 19
3925 19
3926 19
3927 19
3928 19
3929 19
3930 19
3931 19
3932 19
3933 19
3934 19
3935 19
3936 19
3937 19
3938 19
3939 19
3940 19
3941 19
3942 19
3943 19
3944 19
3945 19
3946 19
3947 19
3948 19
3949 19
3950 20
3951 20
3952 20
3953 20
3954 20
3955 20
3956 20
3957 20
3958 20
3959 20
3960 20
3961 20
3962 20
3963 20
3964 20
3965 20
3966 20
3967 20
3968 20
3969 20
3970 20
3971 20
3972 20
3973 20
3974 20
3975 20
3976 20
3977 20
3978 20
3979 20
3980 20
3981 20
3982 20
3983 20
3984 20
3985 20
3986 20
3987 20
3988 20
3989 20
3990 20
3991 20
3992 20
3993 21
3994 21
3995 21
3996 21
3997 21
3998 21
3999 21
4000 21
4001 21
4002 21
4003 21
4004 21
4005 21
4006 21
4007 21
4008 21
4009 21
4010 21
4011 21
4012 21
4013 21
4014 21
4015 21
4016 21
4017 21
4018 21
4019 21
4020 21
4021 21
4022 21
4023 21
4024 21
4025 21
4026 21
4027 21
4028 21
4029 21
4030 21
4031 21
4032 21
4033 21
4034 21
4035 21
4036 21
4037 21
4038 21
4039 21
4040 21
4041 21
4042 21
4043 21
4044 21
4045 21
4046 21
4047 21
4048 21
4049 21
4050 21
4051 21
4052 21
4053 21
4054 21
4055 21
4056 21
4057 21
4058 21
4059 21
4060 21
4061 21
4062 21
4063 21
4064 21
4065 21
4066 21
4067 21
4068 21
4069 21
4070 21
4071 21
4072 21
4073 21
4074 21
4075 21
4076 21
4077 21
4078 21
4079 21
4080 21
4081 21
4082 21
4083 21
4084 21
4085 21
4086 21
4087 21
4088 21
4089 21
4090 21
4091 21
4092 21
4093 21
4094 21
4095 21
4096 21
4097 21
4098 21
4099 21
4100 21
4101 21
4102 21
4103 21
4104 21
4105 21
4106 21
4107 21
4108 21
4109 21
4110 21
4111 21
4112 21
4113 21
4114 21
4115 21
4116 22
4117 22
4118 22
4119 22
4120 22
4121 22
4122 22
4123 22
4124 22
4125 22
4126 22
4127 22
4128 22
4129 22
4130 22
4131 22
4132 22
4133 22
4134 22
4135 22
4136 22
4137 22
4138 22
4139 22
4140 22
4141 22
4142 22
4143 22
4144 22
4145 22
4146 22
4147 22
4148 22
4149 22
4150 22
4151 22
4152 22
4153 22
4154 22
4155 22
4156 22
4157 22
4158 22
4159 22
4160 22
4161 22
4162 22
4163 23
4164 23
4165 23
4166 23
4167 23
4168 23
4169 23
4170 23
4171 23
4172 23
4173 23
4174 23
4175 23
4176 23
4177 23
4178 23
4179 23
4180 23
4181 23
4182 23
4183 23
4184 23
4185 23
4186 23
4187 23
4188 23
4189 23
4190 23
4191 23
4192 23
4193 23
4194 23
4195 23
4196 23
4197 23
4198 23
4199 23
4200 23
4201 23
4202 23
4203 23
4204 23
4205 23
4206 23
4207 23
4208 23
4209 23
4210 23
4211 23
4212 23
4213 23
4214 23
4215 23
4216 23
4217 23
4218 23
4219 23
4220 23
4221 23
4222 24
4223 24
4224 24
4225 24
4226 24
4227 24
4228 24
4229 24
4230 24
4231 24
4232 24
4233 24
4234 24
4235 24
4236 24
4237 24
4238 24
4239 24
4240 24
4241 24
4242 24
4243 24
4244 24
4245 24
4246 24
4247 24
4248 24
4249 24
4250 24
4251 24
4252 24
4253 24
4254 24
4255 24
4256 24
4257 24
4258 24
4259 24
4260 24
4261 24
4262 24
4263 24
4264 24
4265 24
4266 24
4267 24
4268 24
4269 24
4270 24
4271 24
4272 24
4273 24
4274 24
4275 24
4276 24
4277 24
4278 24
4279 24
4280 24
4281 24
4282 24
4283 24
4284 25
4285 25
4286 25
4287 25
4288 25
4289 25
4290 25
4291 25
4292 25
4293 25
4294 25
4295 25
4296 25
4297 25
4298 25
4299 25
4300 25
4301 25
4302 25
4303 25
4304 25
4305 25
4306 25
4307 25
4308 25
4309 25
4310 25
4311 25
4312 25
4313 25
4314 25
4315 25
4316 25
4317 25
4318 25
4319 25
4320 25
4321 25
4322 25
4323 25
4324 25
4325 25
4326 25
4327 25
4328 25
4329 25
4330 25
4331 25
4332 25
4333 25
4334 25
4335 25
4336 25
4337 25
4338 25
4339 25
4340 25
4341 25
4342 25
4343 25
4344 25
4345 25
4346 25
4347 25
4348 25
4349 25
4350 25
4351 25
4352 25
4353 25
4354 25
4355 25
4356 25
4357 25
4358 25
4359 25
4360 25
4361 25
4362 25
4363 25
4364 25
4365 25
4366 25
4367 25
4368 25
4369 25
4370 25
4371 25
4372 25
4373 25
4374 25
4375 25
4376 25
4377 25
4378 25
4379 25
4380 25
4381 25
4382 25
4383 25
4384 25
4385 25
4386 25
4387 25
4388 25
4389 25
4390 25
4391 26
4392 26
4393 26
4394 26
4395 26
4396 26
4397 26
4398 26
4399 26
4400 26
4401 26
4402 26
4403 26
4404 26
4405 26
4406 26
4407 26
4408 26
4409 26
4410 26
4411 26
4412 26
4413 26
4414 26
4415 26
4416 26
4417 26
4418 26
4419 26
4420 26
4421 26
4422 26
4423 26
4424 26
4425 26
4426 26
4427 26
4428 26
4429 26
4430 26
4431 26
4432 26
4433 26
4434 26
4435 26
4436 26
4437 26
4438 27
4439 27
4440 27
4441 27
4442 27
4443 27
4444 27
4445 27
4446 27
4447 27
4448 27
4449 27
4450 27
4451 27
4452 27
4453 27
4454 27
4455 27
4456 27
4457 27
4458 27
4459 27
4460 27
4461 27
4462 27
4463 27
4464 27
4465 27
4466 27
4467 27
4468 27
4469 27
4470 27
4471 27
4472 27
4473 27
4474 27
4475 27
4476 27
4477 27
4478 27
4479 27
4480 27
4481 27
4482 27
4483 27
4484 27
4485 27
4486 27
4487 27
4488 27
4489 27
4490 27
4491 27
4492 27
4493 27
4494 27
4495 27
4496 27
4497 27
4498 27
4499 27
4500 27
4501 27
4502 27
4503 27
4504 27
4505 27
4506 27
4507 28
4508 28
4509 28
4510 28
4511 28
4512 28
4513 28
4514 28
4515 28
4516 28
4517 28
4518 28
4519 28
4520 28
4521 28
4522 28
4523 28
4524 28
4525 28
4526 28
4527 28
4528 28
4529 28
4530 28
4531 28
4532 28
4533 28
4534 28
4535 28
4536 28
4537 28
4538 28
4539 28
4540 28
4541 28
4542 28
4543 28
4544 28
4545 28
4546 28
4547 28
4548 28
4549 28
4550 28
4551 28
4552 28
4553 28
4554 28
4555 28
4556 28
4557 28
4558 28
4559 28
4560 28
4561 28
4562 28
4563 28
4564 28
4565 28
4566 28
4567 28
4568 28
4569 28
4570 28
4571 28
4572 28
4573 28
4574 28
4575 28
4576 28
4577 28
4578 28
4579 28
4580 29
4581 29
4582 29
4583 29
4584 29
4585 29
4586 29
4587 29
4588 29
4589 29
4590 29
4591 29
4592 29
4593 29
4594 29
4595 29
4596 29
4597 29
4598 29
4599 29
4600 29
4601 29
4602 29
4603 29
4604 29
4605 29
4606 29
4607 29
4608 29
4609 29
4610 29
4611 29
4612 29
4613 29
4614 29
4615 29
4616 29
4617 29
4618 29
4619 29
4620 29
4621 29
4622 29
4623 29
4624 29
4625 29
4626 29
4627 29
4628 29
4629 29
4630 29
4631 29
4632 29
4633 29
4634 29
4635 29
4636 29
4637 29
4638 29
4639 29
4640 29
4641 29
4642 29
4643 29
4644 29
4645 29
4646 29
4647 29
4648 29
4649 29
4650 30
4651 30
4652 30
4653 30
4654 30
4655 30
4656 30
4657 30
4658 30
4659 30
4660 30
4661 30
4662 30
4663 30
4664 30
4665 30
4666 30
4667 30
4668 30
4669 30
4670 30
4671 30
4672 30
4673 30
4674 30
4675 30
4676 30
4677 30
4678 30
4679 30
4680 30
4681 30
4682 30
4683 30
4684 30
4685 30
4686 30
4687 30
4688 30
4689 30
4690 30
4691 30
4692 30
4693 30
4694 30
4695 30
4696 30
4697 30
4698 30
4699 30
4700 31
4701 31
4702 31
4703 31
4704 31
4705 31
4706 31
4707 31
4708 31
4709 31
4710 31
4711 31
4712 31
4713 31
4714 31
4715 31
4716 31
4717 31
4718 31
4719 31
4720 31
4721 31
4722 31
4723 31
4724 31
4725 31
4726 31
4727 31
4728 31
4729 31
4730 31
4731 31
4732 31
4733 31
4734 31
4735 31
4736 31
4737 31
4738 31
4739 31
4740 31
4741 31
4742 31
4743 31
4744 31
4745 31
4746 31
4747 31
4748 31
4749 31
4750 31
4751 32
4752 32
4753 32
4754 32
4755 32
4756 32
4757 32
4758 32
4759 32
4760 32
4761 32
4762 32
4763 32
4764 32
4765 32
4766 32
4767 32
4768 32
4769 32
4770 32
4771 32
4772 32
4773 32
4774 32
4775 32
4776 32
4777 32
4778 32
4779 32
4780 32
4781 32
4782 32
4783 32
4784 32
4785 32
4786 32
4787 32
4788 32
4789 32
4790 32
4791 32
4792 32
4793 32
4794 32
4795 32
4796 32
4797 32
4798 32
4799 32
4800 32
4801 32
4802 32
4803 32
4804 32
4805 32
4806 32
4807 32
4808 33
4809 33
4810 33
4811 33
4812 33
4813 33
4814 33
4815 33
4816 33
4817 33
4818 33
4819 33
4820 33
4821 33
4822 33
4823 33
4824 33
4825 33
4826 33
4827 33
4828 33
4829 33
4830 33
4831 33
4832 33
4833 33
4834 33
4835 33
4836 33
4837 33
4838 33
4839 33
4840 33
4841 33
4842 33
4843 33
4844 33
4845 33
4846 33
4847 33
4848 33
4849 33
4850 33
4851 33
4852 33
4853 33
4854 33
4855 33
4856 33
4857 33
4858 33
4859 33
4860 33
4861 33
4862 33
4863 33
4864 33
4865 33
4866 33
4867 33
4868 33
4869 33
4870 33
4871 33
4872 33
4873 33
4874 33
4875 34
4876 34
4877 34
4878 34
4879 34
4880 34
4881 34
4882 34
4883 34
4884 34
4885 34
4886 34
4887 34
4888 34
4889 34
4890 34
4891 34
4892 34
4893 34
4894 34
4895 34
4896 34
4897 34
4898 34
4899 34
4900 34
4901 34
4902 34
4903 34
4904 34
4905 34
4906 34
4907 34
4908 34
4909 34
4910 34
4911 34
4912 34
4913 34
4914 34
4915 34
4916 34
4917 34
4918 34
4919 34
4920 34
4921 34
4922 34
4923 34
4924 34
4925 34
4926 34
4927 35
4928 35
4929 35
4930 35
4931 35
4932 35
4933 35
4934 35
4935 35
4936 35
4937 35
4938 35
4939 35
4940 35
4941 35
4942 35
4943 35
4944 35
4945 35
4946 35
4947 35
4948 35
4949 35
4950 35
4951 35
4952 35
4953 35
4954 35
4955 35
4956 35
4957 35
4958 35
4959 35
4960 35
4961 35
4962 35
4963 35
4964 35
4965 35
4966 35
4967 35
4968 35
4969 35
4970 35
4971 35
4972 35
4973 35
4974 35
4975 35
4976 35
4977 35
4978 35
4979 35
4980 35
4981 35
4982 35
4983 35
4984 35
4985 35
4986 35
4987 35
4988 35
4989 35
4990 35
4991 35
4992 36
4993 36
4994 36
4995 36
4996 36
4997 36
4998 36
4999 36
5000 36
5001 36
5002 36
5003 36
5004 36
5005 36
5006 36
5007 36
5008 36
5009 36
5010 36
5011 36
5012 36
5013 36
5014 36
5015 36
5016 36
5017 36
5018 36
5019 36
5020 36
5021 36
5022 36
5023 36
5024 36
5025 36
5026 36
5027 36
5028 36
5029 36
5030 36
5031 36
5032 36
5033 36
5034 36
5035 36
5036 36
5037 36
5038 36
5039 36
5040 36
5041 36
5042 36
5043 36
5044 36
5045 36
5046 36
5047 36
5048 36
5049 36
5050 36
5051 36
5052 36
5053 36
5054 36
5055 36
5056 36
5057 36
5058 36
5059 36
5060 37
5061 37
5062 37
5063 37
5064 37
5065 37
5066 37
5067 37
5068 37
5069 37
5070 37
5071 37
5072 37
5073 37
5074 37
5075 37
5076 37
5077 37
5078 37
5079 37
5080 37
5081 37
5082 37
5083 37
5084 37
5085 37
5086 37
5087 37
5088 37
5089 37
5090 37
5091 37
5092 37
5093 37
5094 37
5095 37
5096 37
5097 37
5098 37
5099 37
5100 37
5101 37
5102 37
5103 37
5104 37
5105 37
5106 37
5107 37
5108 37
5109 37
5110 37
5111 37
5112 37
5113 37
5114 37
5115 37
5116 37
5117 37
5118 37
5119 37
5120 37
5121 37
5122 37
5123 37
5124 37
5125 37
5126 37
5127 37
5128 37
5129 37
5130 37
5131 37
5132 37
5133 37
5134 37
5135 38
5136 38
5137 38
5138 38
5139 38
5140 38
5141 38
5142 38
5143 38
5144 38
5145 38
5146 38
5147 38
5148 38
5149 38
5150 38
5151 38
5152 38
5153 38
5154 38
5155 38
5156 38
5157 38
5158 38
5159 38
5160 38
5161 38
5162 38
5163 38
5164 38
5165 38
5166 38
5167 38
5168 38
5169 38
5170 38
5171 38
5172 38
5173 38
5174 38
5175 38
5176 38
5177 38
5178 38
5179 38
5180 38
5181 38
5182 38
5183 38
5184 38
5185 38
5186 38
5187 38
5188 38
5189 38
5190 38
5191 38
5192 38
5193 38
5194 38
5195 38
5196 38
5197 38
5198 38
5199 39
5200 39
5201 39
5202 39
5203 39
5204 39
5205 39
5206 39
5207 39
5208 39
5209 39
5210 39
5211 39
5212 39
5213 39
5214 39
5215 39
5216 39
5217 39
5218 39
5219 39
5220 39
5221 39
5222 39
5223 39
5224 39
5225 39
5226 39
5227 39
5228 39
5229 39
5230 39
5231 39
5232 39
5233 39
5234 39
5235 39
5236 39
5237 39
5238 39
5239 39
5240 39
5241 39
5242 39
5243 39
5244 39
5245 39
5246 39
5247 39
5248 39
5249 39
5250 39
5251 39
5252 40
5253 40
5254 40
5255 40
5256 40
5257 40
5258 40
5259 40
5260 40
5261 40
5262 40
5263 40
5264 40
5265 40
5266 40
5267 40
5268 40
5269 40
5270 40
5271 40
5272 40
5273 40
5274 40
5275 40
5276 40
5277 40
5278 40
5279 40
5280 40
5281 40
5282 40
5283 40
5284 40
5285 40
5286 40
5287 40
5288 40
5289 40
5290 40
5291 40
5292 40
5293 40
5294 40
5295 40
5296 40
5297 40
5298 40
5299 40
5300 40
5301 40
5302 40
5303 40
5304 40
5305 40
5306 40
5307 40
5308 40
5309 40
5310 40
5311 40
5312 40
5313 40
5314 40
5315 40
5316 41
5317 41
5318 41
5319 41
5320 41
5321 41
5322 41
5323 41
5324 41
5325 41
5326 41
5327 41
5328 41
5329 41
5330 41
5331 41
5332 41
5333 41
5334 41
5335 41
5336 41
5337 41
5338 41
5339 41
5340 41
5341 41
5342 41
5343 41
5344 41
5345 41
5346 41
5347 41
5348 41
5349 41
5350 41
5351 41
5352 41
5353 41
5354 41
5355 41
5356 41
5357 41
5358 41
5359 41
5360 41
5361 41
5362 41
5363 41
5364 41
5365 41
5366 41
5367 41
5368 41
5369 41
5370 41
5371 41
5372 41
5373 41
5374 41
5375 41
5376 41
5377 41
5378 41
5379 41
5380 41
5381 41
5382 41
5383 41
5384 41
5385 41
5386 41
5387 41
5388 41
5389 41
5390 41
5391 41
5392 41
5393 41
5394 41
5395 41
5396 41
5397 41
5398 41
5399 41
5400 41
5401 42
5402 42
5403 42
5404 42
5405 42
5406 42
5407 42
5408 42
5409 42
5410 42
5411 42
5412 42
5413 42
5414 42
5415 42
5416 42
5417 42
5418 42
5419 42
5420 42
5421 42
5422 42
5423 42
5424 42
5425 42
5426 42
5427 42
5428 42
5429 42
5430 42
5431 42
5432 42
5433 42
5434 42
5435 42
5436 42
5437 42
5438 42
5439 42
5440 42
5441 42
5442 42
5443 42
5444 42
5445 42
5446 42
5447 42
5448 42
5449 42
5450 42
5451 42
5452 42
5453 42
5454 42
5455 42
5456 42
5457 42
5458 42
5459 42
5460 42
5461 42
5462 42
5463 42
5464 42
5465 42
5466 42
5467 42
5468 43
5469 43
5470 43
5471 43
5472 43
5473 43
5474 43
5475 43
5476 43
5477 43
5478 43
5479 43
5480 43
5481 43
5482 43
5483 43
5484 43
5485 43
5486 43
5487 43
5488 43
5489 43
5490 43
5491 43
5492 43
5493 43
5494 43
5495 43
5496 43
5497 43
5498 43
5499 43
5500 43
5501 43
5502 43
5503 43
5504 43
5505 43
5506 43
5507 43
5508 43
5509 43
5510 43
5511 43
5512 43
5513 43
5514 43
5515 43
5516 43
5517 43
5518 43
5519 43
5520 43
5521 43
5522 43
5523 43
5524 43
5525 43
5526 43
5527 43
5528 43
5529 43
5530 43
5531 43
5532 43
5533 43
5534 43
5535 44
5536 44
5537 44
5538 44
5539 44
5540 44
5541 44
5542 44
5543 44
5544 44
5545 44
5546 44
5547 44
5548 44
5549 44
5550 44
5551 44
5552 44
5553 44
5554 44
5555 44
5556 44
5557 44
5558 44
5559 44
5560 44
5561 44
5562 44
5563 44
5564 44
5565 44
5566 44
5567 44
5568 44
5569 44
5570 44
5571 44
5572 44
5573 44
5574 44
5575 44
5576 44
5577 44
5578 44
5579 44
5580 45
5581 45
5582 45
5583 45
5584 45
5585 45
5586 45
5587 45
5588 45
5589 45
5590 45
5591 45
5592 45
5593 45
5594 45
5595 45
5596 45
5597 45
5598 45
5599 45
5600 45
5601 45
5602 45
5603 45
5604 45
5605 45
5606 45
5607 45
5608 45
5609 45
5610 45
5611 45
5612 45
5613 45
5614 46
5615 46
5616 46
5617 46
5618 46
5619 46
5620 46
5621 46
5622 46
5623 46
5624 46
5625 46
5626 46
5627 46
5628 46
5629 46
5630 46
5631 46
5632 46
5633 46
5634 46
5635 46
5636 46
5637 46
5638 46
5639 46
5640 46
5641 46
5642 46
5643 46
5644 46
5645 46
5646 46
5647 46
5648 47
5649 47
5650 47
5651 47
5652 47
5653 47
5654 47
5655 47
5656 47
5657 47
5658 47
5659 47
5660 47
5661 47
5662 47
5663 47
5664 47
5665 47
5666 47
5667 47
5668 47
5669 47
5670 47
5671 47
5672 47
5673 47
5674 47
5675 47
5676 47
5677 47
5678 47
5679 47
5680 47
5681 47
5682 47
5683 47
5684 47
5685 47
5686 47
5687 47
5688 47
5689 47
5690 47
5691 47
5692 47
5693 47
5694 47
5695 47
5696 47
5697 47
5698 47
5699 48
5700 48
5701 48
5702 48
5703 48
5704 48
5705 48
5706 48
5707 48
5708 48
5709 48
5710 48
5711 48
5712 48
5713 48
5714 48
5715 48
5716 48
5717 48
5718 48
5719 48
5720 48
5721 48
5722 48
5723 48
5724 48
5725 48
5726 48
5727 48
5728 48
5729 48
5730 48
5731 48
5732 48
5733 48
5734 48
5735 48
5736 48
5737 48
5738 48
5739 48
5740 48
5741 48
5742 48
5743 48
5744 48
5745 48
5746 48
5747 48
5748 48
5749 48
5750 48
5751 48
5752 48
5753 48
5754 48
5755 48
5756 48
5757 48
5758 48
5759 48
5760 48
5761 48
5762 48
5763 48
5764 48
5765 48
5766 48
5767 48
5768 48
5769 48
5770 48
5771 48
5772 48
5773 48
5774 48
5775 48
5776 48
5777 48
5778 48
5779 48
5780 48
5781 48
5782 48
5783 48
5784 48
5785 48
5786 48
5787 48
5788 48
5789 48
5790 48
5791 48
5792 48
5793 48
5794 48
5795 48
5796 48
5797 48
5798 49
5799 49
5800 49
5801 49
5802 49
5803 49
5804 49
5805 49
5806 49
5807 49
5808 49
5809 49
5810 49
5811 49
5812 49
5813 49
5814 49
5815 49
5816 49
5817 49
5818 49
5819 49
5820 49
5821 49
5822 49
5823 49
5824 49
5825 49
5826 49
5827 49
5828 49
5829 49
5830 49
5831 49
5832 49
5833 49
5834 49
5835 49
5836 49
5837 49
5838 49
5839 49
5840 49
5841 49
5842 49
5843 49
5844 49
5845 49
5846 49
5847 49
5848 49
5849 49
5850 49
5851 49
5852 49
5853 49
5854 49
5855 49
5856 49
5857 49
5858 49
5859 49
5860 49
5861 49
5862 49
5863 49
5864 49
5865 49
5866 49
5867 49
5868 49
5869 49
5870 49
5871 49
5872 49
5873 49
5874 49
5875 49
5876 49
5877 49
5878 49
5879 49
5880 49
5881 49
5882 49
5883 49
5884 49
5885 49
5886 49
5887 49
5888 49
5889 49
5890 49
5891 49
5892 49
5893 49
5894 49
5895 49
5896 49
5897 49
5898 50
5899 50
5900 50
5901 50
5902 50
5903 50
5904 50
5905 50
5906 50
5907 50
5908 50
5909 50
5910 50
5911 50
5912 50
5913 50
5914 50
5915 50
5916 50
5917 50
5918 50
5919 50
5920 50
5921 50
5922 50
5923 50
5924 50
5925 50
5926 50
5927 50
5928 50
5929 50
5930 50
5931 50
5932 50
5933 50
5934 50
5935 50
5936 50
5937 50
5938 50
5939 50
5940 51
5941 51
5942 51
5943 51
5944 51
5945 51
5946 51
5947 51
5948 51
5949 51
5950 51
5951 51
5952 51
5953 51
5954 51
5955 51
5956 51
5957 51
5958 51
5959 51
5960 51
5961 51
5962 51
5963 51
5964 51
5965 51
5966 51
5967 51
5968 51
5969 51
5970 51
5971 51
5972 51
5973 51
5974 51
5975 51
5976 51
5977 51
5978 51
5979 51
5980 51
5981 51
5982 51
5983 51
5984 51
5985 51
5986 51
5987 51
5988 51
5989 51
5990 51
5991 51
5992 51
5993 51
5994 52
5995 52
5996 52
5997 52
5998 52
5999 52
6000 52
6001 52
6002 52
6003 52
6004 52
6005 52
6006 52
6007 52
6008 52
6009 52
6010 52
6011 52
6012 52
6013 52
6014 52
6015 52
6016 52
6017 52
6018 52
6019 52
6020 52
6021 52
6022 52
6023 52
6024 52
6025 52
6026 52
6027 52
6028 52
6029 52
6030 52
6031 52
6032 52
6033 52
6034 52
6035 52
6036 52
6037 52
6038 52
6039 52
6040 52
6041 52
6042 52
6043 52
6044 52
6045 52
6046 52
6047 52
6048 52
6049 52
6050 52
6051 52
6052 52
6053 52
6054 52
6055 52
6056 52
6057 52
6058 52
6059 52
6060 52
6061 52
6062 52
6063 52
6064 52
6065 52
6066 52
6067 52
6068 52
6069 52
6070 52
6071 52
6072 52
6073 52
6074 52
6075 52
6076 52
6077 52
6078 52
6079 52
6080 52
6081 52
6082 53
6083 53
6084 53
6085 53
6086 53
6087 53
6088 53
6089 53
6090 53
6091 53
6092 53
6093 53
6094 53
6095 53
6096 53
6097 53
6098 53
6099 53
6100 53
6101 53
6102 53
6103 53
6104 53
6105 53
6106 53
6107 53
6108 53
6109 53
6110 53
6111 53
6112 53
6113 53
6114 53
6115 53
6116 53
6117 53
6118 53
6119 53
6120 53
6121 53
6122 53
6123 53
6124 53
6125 53
6126 53
6127 53
6128 53
6129 53
6130 53
6131 53
6132 53
6133 53
6134 53
6135 53
6136 53
6137 53
6138 53
6139 53
6140 53
6141 53
6142 53
6143 53
6144 53
6145 53
6146 53
6147 53
6148 53
6149 53
6150 53
6151 53
6152 53
6153 53
6154 53
6155 53
6156 53
6157 53
6158 53
6159 53
6160 53
6161 53
6162 54
6163 54
6164 54
6165 54
6166 54
6167 54
6168 54
6169 54
6170 54
6171 54
6172 54
6173 54
6174 54
6175 54
6176 54
6177 54
6178 54
6179 54
6180 54
6181 54
6182 54
6183 54
6184 54
6185 54
6186 54
6187 54
6188 54
6189 54
6190 54
6191 54
6192 54
6193 55
6194 55
6195 55
6196 55
6197 55
6198 55
6199 55
6200 55
6201 55
6202 55
6203 55
6204 55
6205 55
6206 55
6207 55
6208 55
6209 55
6210 55
6211 55
6212 55
6213 55
6214 55
6215 55
6216 55
6217 55
6218 55
6219 55
6220 55
6221 55
6222 55
6223 55
6224 55
6225 55
6226 55
6227 55
6228 55
6229 55
6230 55
6231 55
6232 55
6233 55
6234 55
6235 55
6236 55
6237 55
6238 55
6239 55
6240 55
6241 55
6242 55
6243 55
6244 55
6245 55
6246 55
6247 55
6248 55
6249 55
6250 55
6251 55
6252 55
6253 55
6254 55
6255 55
6256 55
6257 56
6258 56
6259 56
6260 56
6261 56
6262 56
6263 56
6264 56
6265 56
6266 56
6267 56
6268 56
6269 56
6270 56
6271 56
6272 56
6273 56
6274 56
6275 56
6276 56
6277 56
6278 56
6279 56
6280 56
6281 56
6282 56
6283 56
6284 56
6285 56
6286 56
6287 56
6288 56
6289 56
6290 56
6291 56
6292 56
6293 56
6294 56
6295 56
6296 56
6297 56
6298 56
6299 56
6300 56
6301 56
6302 56
6303 56
6304 56
6305 56
6306 56
6307 56
6308 56
6309 56
6310 56
6311 56
6312 56
6313 56
6314 56
6315 56
6316 56
6317 56
6318 56
6319 56
6320 56
6321 56
6322 56
6323 56
6324 56
6325 56
6326 56
6327 56
6328 56
6329 56
6330 56
6331 56
6332 56
6333 56
6334 56
6335 56
6336 56
6337 56
6338 56
6339 56
6340 56
6341 56
6342 56
6343 57
6344 57
6345 57
6346 57
6347 57
6348 57
6349 57
6350 57
6351 57
6352 57
6353 57
6354 57
6355 57
6356 57
6357 57
6358 57
6359 57
6360 57
6361 57
6362 57
6363 57
6364 57
6365 57
6366 57
6367 57
6368 57
6369 57
6370 57
6371 57
6372 57
6373 57
6374 57
6375 57
6376 57
6377 57
6378 57
6379 57
6380 57
6381 57
6382 57
6383 57
6384 57
6385 57
6386 57
6387 57
6388 57
6389 57
6390 57
6391 57
6392 57
6393 57
6394 57
6395 57
6396 57
6397 57
6398 57
6399 57
6400 57
6401 57
6402 57
6403 57
6404 57
6405 57
6406 57
6407 57
6408 57
6409 57
6410 57
6411 57
6412 57
6413 57
6414 57
6415 57
6416 57
6417 57
6418 57
6419 57
6420 57
6421 57
6422 57
6423 57
6424 57
6425 57
6426 57
6427 57
6428 57
6429 57
6430 57
6431 57
6432 57
6433 57
6434 57
6435 57
6436 57
6437 57
6438 57
6439 57
6440 57
6441 57
6442 57
6443 57
6444 57
6445 57
6446 57
6447 57
6448 57
6449 57
6450 57
6451 57
6452 57
6453 57
6454 57
6455 57
6456 57
6457 58
6458 58
6459 58
6460 58
6461 58
6462 58
6463 58
6464 58
6465 58
6466 58
6467 58
6468 58
6469 58
6470 58
6471 58
6472 58
6473 58
6474 58
6475 58
6476 58
6477 58
6478 58
6479 58
6480 58
6481 58
6482 58
6483 58
6484 58
6485 58
6486 58
6487 58
6488 58
6489 58
6490 58
6491 58
6492 58
6493 58
6494 58
6495 58
6496 58
6497 58
6498 58
6499 58
6500 58
6501 58
6502 58
6503 58
6504 58
6505 58
6506 58
6507 58
6508 58
6509 58
6510 58
6511 58
6512 58
6513 58
6514 58
6515 58
6516 58
6517 58
6518 59
6519 59
6520 59
6521 59
6522 59
6523 59
6524 59
6525 59
6526 59
6527 59
6528 59
6529 59
6530 59
6531 59
6532 59
6533 59
6534 59
6535 59
6536 59
6537 59
6538 59
6539 59
6540 59
6541 59
6542 59
6543 59
6544 59
6545 59
6546 59
6547 59
6548 59
6549 59
6550 59
6551 59
6552 59
6553 59
6554 59
6555 59
6556 59
6557 59
6558 59
6559 59
6560 59
6561 59
6562 59
6563 59
6564 59
6565 59
6566 59
6567 59
6568 59
6569 59
6570 59
6571 59
6572 59
6573 59
6574 59
6575 59
6576 59
6577 59
6578 59
6579 59
6580 59
6581 59
6582 59
6583 59
6584 59
6585 59
6586 59
6587 59
6588 59
6589 59
6590 59
6591 59
6592 59
6593 59
6594 59
6595 59
6596 59
6597 59
6598 59
6599 60
6600 60
6601 60
6602 60
6603 60
6604 60
6605 60
6606 60
6607 60
6608 60
6609 60
6610 60
6611 60
6612 60
6613 60
6614 60
6615 60
6616 60
6617 60
6618 60
6619 60
6620 60
6621 60
6622 60
6623 60
6624 60
6625 60
6626 60
6627 60
6628 60
6629 60
6630 60
6631 60
6632 60
6633 60
6634 60
6635 60
6636 60
6637 60
6638 60
6639 60
6640 60
6641 60
6642 60
6643 60
6644 60
6645 60
6646 60
6647 60
6648 60
6649 60
6650 60
6651 60
6652 60
6653 60
6654 60
6655 60
6656 60
6657 60
6658 60
6659 60
6660 60
6661 60
6662 60
6663 60
6664 60
6665 60
6666 60
6667 60
6668 60
6669 60
6670 60
6671 60
6672 60
6673 60
6674 60
6675 60
6676 60
6677 61
6678 61
6679 61
6680 61
6681 61
6682 61
6683 61
6684 61
6685 61
6686 61
6687 61
6688 61
6689 61
6690 61
6691 61
6692 61
6693 61
6694 61
6695 61
6696 61
6697 61
6698 61
6699 61
6700 61
6701 61
6702 61
6703 61
6704 61
6705 61
6706 61
6707 61
6708 61
6709 61
6710 61
6711 61
6712 61
6713 61
6714 61
6715 61
6716 61
6717 61
6718 62
6719 62
6720 62
6721 62
6722 62
6723 62
6724 62
6725 62
6726 62
6727 62
6728 62
6729 62
6730 62
6731 62
6732 62
6733 62
6734 62
6735 62
6736 62
6737 62
6738 62
6739 62
6740 62
6741 62
6742 62
6743 62
6744 62
6745 62
6746 62
6747 62
6748 62
6749 62
6750 62
6751 62
6752 62
6753 62
6754 62
6755 62
6756 62
6757 62
6758 62
6759 62
6760 62
6761 62
6762 62
6763 62
6764 62
6765 62
6766 62
6767 62
6768 62
6769 62
6770 62
6771 62
6772 62
6773 62
6774 62
6775 62
6776 62
6777 62
6778 62
6779 62
6780 62
6781 62
6782 62
6783 62
6784 63
6785 63
6786 63
6787 63
6788 63
6789 63
6790 63
6791 63
6792 63
6793 63
6794 63
6795 63
6796 63
6797 63
6798 63
6799 63
6800 63
6801 63
6802 63
6803 63
6804 63
6805 63
6806 63
6807 63
6808 63
6809 63
6810 63
6811 63
6812 63
6813 63
6814 63
6815 63
6816 63
6817 63
6818 63
6819 63
6820 63
6821 63
6822 63
6823 63
6824 63
6825 63
6826 63
6827 64
6828 64
6829 64
6830 64
6831 64
6832 64
6833 64
6834 64
6835 64
6836 64
6837 64
6838 64
6839 64
6840 64
6841 64
6842 64
6843 64
6844 64
6845 64
6846 64
6847 64
6848 64
6849 64
6850 64
6851 64
6852 64
6853 64
6854 64
6855 64
6856 64
6857 64
6858 64
6859 64
6860 64
6861 64
6862 64
6863 64
6864 64
6865 64
6866 64
6867 65
6868 65
6869 65
6870 65
6871 65
6872 65
6873 65
6874 65
6875 65
6876 65
6877 65
6878 65
6879 65
6880 65
6881 65
6882 65
6883 65
6884 65
6885 65
6886 65
6887 65
6888 65
6889 65
6890 65
6891 65
6892 65
6893 65
6894 65
6895 65
6896 65
6897 65
6898 65
6899 65
6900 65
6901 65
6902 65
6903 65
6904 65
6905 65
6906 65
6907 65
6908 65
6909 65
6910 65
6911 65
6912 65
6913 65
6914 65
6915 65
6916 65
6917 65
6918 65
6919 65
6920 65
6921 65
6922 65
6923 65
6924 65
6925 65
6926 65
6927 65
6928 65
6929 65
6930 65
6931 65
6932 65
6933 65
6934 65
6935 65
6936 65
6937 65
6938 65
6939 65
6940 65
6941 65
6942 65
6943 65
6944 65
6945 65
6946 65
6947 65
6948 65
6949 65
6950 65
6951 65
6952 65
6953 65
6954 66
6955 66
6956 66
6957 66
6958 66
6959 66
6960 66
6961 66
6962 66
6963 66
6964 66
6965 66
6966 66
6967 66
6968 66
6969 66
6970 66
6971 66
6972 66
6973 66
6974 66
6975 66
6976 66
6977 66
6978 66
6979 66
6980 66
6981 66
6982 66
6983 66
6984 66
6985 66
6986 67
6987 67
6988 67
6989 67
6990 67
6991 67
6992 67
6993 67
6994 67
6995 67
6996 67
6997 67
6998 67
6999 67
7000 67
7001 67
7002 67
7003 67
7004 67
7005 67
7006 67
7007 67
7008 67
7009 67
7010 67
7011 67
7012 67
7013 67
7014 67
7015 67
7016 67
7017 67
7018 67
7019 67
7020 67
7021 67
7022 67
7023 67
7024 67
7025 67
7026 67
7027 67
7028 67
7029 67
7030 67
7031 67
7032 67
7033 67
7034 67
7035 67
7036 67
7037 67
7038 67
7039 67
7040 67
7041 67
7042 67
7043 67
7044 67
7045 67
7046 67
7047 67
7048 67
7049 67
7050 67
7051 67
7052 67
7053 67
7054 67
7055 67
7056 67
7057 67
7058 67
7059 67
7060 67
7061 67
7062 68
7063 68
7064 68
7065 68
7066 68
7067 68
7068 68
7069 68
7070 68
7071 68
7072 68
7073 68
7074 68
7075 68
7076 68
7077 68
7078 68
7079 68
7080 68
7081 68
7082 68
7083 68
7084 68
7085 68
7086 68
7087 68
7088 68
7089 68
7090 68
7091 68
7092 68
7093 68
7094 68
7095 68
7096 68
7097 68
7098 68
7099 68
7100 68
7101 68
7102 68
7103 68
7104 68
7105 68
7106 68
7107 68
7108 68
7109 68
7110 68
7111 68
7112 68
7113 68
7114 68
7115 68
7116 68
7117 69
7118 69
7119 69
7120 69
7121 69
7122 69
7123 69
7124 69
7125 69
7126 69
7127 69
7128 69
7129 69
7130 69
7131 69
7132 69
7133 69
7134 69
7135 69
7136 69
7137 69
7138 69
7139 69
7140 69
7141 69
7142 69
7143 69
7144 69
7145 69
7146 69
7147 69
7148 69
7149 69
7150 69
7151 69
7152 70
7153 70
7154 70
7155 70
7156 70
7157 70
7158 70
7159 70
7160 70
7161 70
7162 70
7163 70
7164 70
7165 70
7166 70
7167 70
7168 70
7169 70
7170 70
7171 70
7172 70
7173 70
7174 70
7175 70
7176 70
7177 70
7178 70
7179 70
7180 70
7181 70
7182 70
7183 70
7184 70
7185 70
7186 70
7187 70
7188 70
7189 70
7190 70
7191 71
7192 71
7193 71
7194 71
7195 71
7196 71
7197 71
7198 71
7199 71
7200 71
7201 71
7202 71
7203 71
7204 71
7205 71
7206 71
7207 71
7208 71
7209 71
7210 71
7211 71
7212 71
7213 71
7214 71
7215 71
7216 71
7217 71
7218 71
7219 71
7220 71
7221 71
7222 71
7223 71
7224 71
7225 71
7226 71
7227 71
7228 71
7229 71
7230 71
7231 71
7232 71
7233 71
7234 71
7235 71
7236 71
7237 71
7238 72
7239 72
7240 72
7241 72
7242 72
7243 72
7244 72
7245 72
7246 72
7247 72
7248 72
7249 72
7250 72
7251 72
7252 72
7253 72
7254 72
7255 72
7256 72
7257 72
7258 72
7259 72
7260 72
7261 72
7262 72
7263 72
7264 72
7265 72
7266 72
7267 72
7268 72
7269 72
7270 72
7271 72
7272 72
7273 72
7274 72
7275 72
7276 73
7277 73
7278 73
7279 73
7280 73
7281 73
7282 73
7283 73
7284 73
7285 73
7286 73
7287 73
7288 73
7289 73
7290 73
7291 73
7292 73
7293 73
7294 73
7295 73
7296 73
7297 73
7298 73
7299 73
7300 73
7301 73
7302 73
7303 73
7304 73
7305 73
7306 73
7307 73
7308 73
7309 73
7310 73
7311 73
7312 73
7313 73
7314 73
7315 73
7316 73
7317 73
7318 73
7319 73
7320 73
7321 74
7322 74
7323 74
7324 74
7325 74
7326 74
7327 74
7328 74
7329 74
7330 74
7331 74
7332 74
7333 74
7334 74
7335 74
7336 74
7337 74
7338 74
7339 74
7340 74
7341 74
7342 74
7343 74
7344 74
7345 74
7346 74
7347 74
7348 74
7349 74
7350 74
7351 74
7352 74
7353 74
7354 74
7355 74
7356 74
7357 74
7358 74
7359 74
7360 74
7361 74
7362 74
7363 74
7364 74
7365 74
7366 74
7367 74
7368 74
7369 74
7370 74
7371 74
7372 74
7373 74
7374 75
7375 75
7376 75
7377 75
7378 75
7379 75
7380 75
7381 75
7382 75
7383 75
7384 75
7385 75
7386 75
7387 75
7388 75
7389 75
7390 75
7391 75
7392 75
7393 75
7394 75
7395 75
7396 75
7397 75
7398 75
7399 75
7400 75
7401 75
7402 75
7403 75
7404 75
7405 75
7406 75
7407 75
7408 76
7409 76
7410 76
7411 76
7412 76
7413 76
7414 76
7415 76
7416 76
7417 76
7418 76
7419 76
7420 76
7421 76
7422 76
7423 76
7424 76
7425 76
7426 76
7427 76
7428 76
7429 76
7430 76
7431 76
7432 76
7433 76
7434 76
7435 76
7436 76
7437 76
7438 76
7439 76
7440 76
7441 76
7442 76
7443 76
7444 76
7445 76
7446 76
7447 76
7448 76
7449 76
7450 76
7451 76
7452 76
7453 76
7454 76
7455 76
7456 76
7457 76
7458 76
7459 76
7460 76
7461 76
7462 76
7463 76
7464 76
7465 77
7466 77
7467 77
7468 77
7469 77
7470 77
7471 77
7472 77
7473 77
7474 77
7475 77
7476 77
7477 77
7478 77
7479 77
7480 77
7481 77
7482 77
7483 77
7484 77
7485 77
7486 77
7487 77
7488 77
7489 77
7490 77
7491 77
7492 77
7493 77
7494 77
7495 77
7496 77
7497 77
7498 77
7499 77
7500 77
7501 77
7502 77
7503 77
7504 77
7505 77
7506 77
7507 77
7508 77
7509 77
7510 77
7511 77
7512 77
7513 77
7514 77
7515 77
7516 77
7517 77
7518 77
7519 77
7520 77
7521 77
7522 77
7523 77
7524 77
7525 77
7526 77
7527 77
7528 77
7529 77
7530 77
7531 77
7532 77
7533 77
7534 77
7535 77
7536 77
7537 77
7538 77
7539 77
7540 77
7541 77
7542 77
7543 77
7544 77
7545 77
7546 77
7547 78
7548 78
7549 78
7550 78
7551 78
7552 78
7553 78
7554 78
7555 78
7556 78
7557 78
7558 78
7559 78
7560 78
7561 78
7562 78
7563 78
7564 78
7565 78
7566 78
7567 78
7568 78
7569 78
7570 78
7571 78
7572 78
7573 78
7574 78
7575 78
7576 78
7577 78
7578 78
7579 78
7580 78
7581 78
7582 78
7583 78
7584 78
7585 78
7586 78
7587 78
7588 78
7589 78
7590 78
7591 78
7592 78
7593 78
7594 78
7595 78
7596 78
7597 78
7598 78
7599 78
7600 78
7601 78
7602 78
7603 78
7604 78
7605 78
7606 79
7607 79
7608 79
7609 79
7610 79
7611 79
7612 79
7613 79
7614 79
7615 79
7616 79
7617 79
7618 79
7619 79
7620 79
7621 79
7622 79
7623 79
7624 79
7625 79
7626 79
7627 79
7628 79
7629 79
7630 79
7631 79
7632 79
7633 79
7634 79
7635 79
7636 79
7637 79
7638 79
7639 79
7640 79
7641 79
7642 79
7643 79
7644 79
7645 79
7646 79
7647 79
7648 79
7649 79
7650 79
7651 79
7652 79
7653 79
7654 79
7655 80
7656 80
7657 80
7658 80
7659 80
7660 80
7661 80
7662 80
7663 80
7664 80
7665 80
7666 80
7667 80
7668 80
7669 80
7670 80
7671 80
7672 80
7673 80
7674 80
7675 80
7676 80
7677 80
7678 80
7679 80
7680 80
7681 80
7682 80
7683 80
7684 80
7685 80
7686 80
7687 80
7688 80
7689 80
7690 80
7691 80
7692 80
7693 80
7694 80
7695 81
7696 81
7697 81
7698 81
7699 81
7700 81
7701 81
7702 81
7703 81
7704 81
7705 81
7706 81
7707 81
7708 81
7709 81
7710 81
7711 81
7712 81
7713 81
7714 81
7715 81
7716 81
7717 81
7718 81
7719 81
7720 81
7721 81
7722 81
7723 81
7724 81
7725 81
7726 81
7727 81
7728 81
7729 81
7730 81
7731 81
7732 81
7733 81
7734 81
7735 81
7736 81
7737 81
7738 81
7739 81
7740 81
7741 81
7742 81
7743 81
7744 81
7745 81
7746 81
7747 81
7748 81
7749 81
7750 81
7751 81
7752 81
7753 81
7754 81
7755 81
7756 81
7757 81
7758 82
7759 82
7760 82
7761 82
7762 82
7763 82
7764 82
7765 82
7766 82
7767 82
7768 82
7769 82
7770 82
7771 82
7772 82
7773 82
7774 82
7775 82
7776 82
7777 82
7778 82
7779 82
7780 82
7781 82
7782 82
7783 82
7784 82
7785 82
7786 82
7787 82
7788 82
7789 82
7790 82
7791 82
7792 82
7793 82
7794 82
7795 82
7796 82
7797 83
7798 83
7799 83
7800 83
7801 83
7802 83
7803 83
7804 83
7805 83
7806 83
7807 83
7808 83
7809 83
7810 83
7811 83
7812 83
7813 83
7814 83
7815 83
7816 83
7817 83
7818 83
7819 83
7820 83
7821 83
7822 83
7823 83
7824 83
7825 83
7826 83
7827 83
7828 83
7829 83
7830 83
7831 83
7832 83
7833 83
7834 83
7835 83
7836 83
7837 83
7838 83
7839 83
7840 83
7841 83
7842 83
7843 83
7844 83
7845 83
7846 83
7847 83
7848 83
7849 83
7850 83
7851 83
7852 83
7853 83
7854 83
7855 83
7856 83
7857 83
7858 83
7859 83
7860 83
7861 83
7862 83
7863 83
7864 83
7865 83
7866 83
7867 83
7868 83
7869 83
7870 83
7871 83
7872 83
7873 83
7874 83
7875 83
7876 83
7877 83
7878 83
7879 83
7880 83
7881 84
7882 84
7883 84
7884 84
7885 84
7886 84
7887 84
7888 84
7889 84
7890 84
7891 84
7892 84
7893 84
7894 84
7895 84
7896 84
7897 84
7898 84
7899 84
7900 84
7901 84
7902 84
7903 84
7904 84
7905 84
7906 84
7907 84
7908 84
7909 84
7910 84
7911 84
7912 84
7913 84
7914 84
7915 84
7916 84
7917 84
7918 84
7919 84
7920 84
7921 84
7922 84
7923 84
7924 84
7925 84
7926 84
7927 84
7928 84
7929 84
7930 84
7931 84
7932 84
7933 84
7934 84
7935 84
7936 84
7937 84
7938 85
7939 85
7940 85
7941 85
7942 85
7943 85
7944 85
7945 85
7946 85
7947 85
7948 85
7949 85
7950 85
7951 85
7952 85
7953 85
7954 85
7955 85
7956 85
7957 85
7958 85
7959 85
7960 85
7961 85
7962 85
7963 85
7964 85
7965 85
7966 85
7967 85
7968 85
7969 85
7970 85
7971 85
7972 85
7973 86
7974 86
7975 86
7976 86
7977 86
7978 86
7979 86
7980 86
7981 86
7982 86
7983 86
7984 86
7985 86
7986 86
7987 86
7988 86
7989 86
7990 86
7991 86
7992 86
7993 86
7994 86
7995 86
7996 86
7997 86
7998 86
7999 86
8000 86
8001 86
8002 86
8003 86
8004 86
8005 86
8006 86
8007 86
8008 86
8009 86
8010 86
8011 86
8012 86
8013 86
8014 86
8015 86
8016 86
8017 86
8018 86
8019 86
8020 86
8021 86
8022 86
8023 86
8024 86
8025 86
8026 86
8027 86
8028 86
8029 86
8030 86
8031 86
8032 86
8033 86
8034 86
8035 86
8036 86
8037 87
8038 87
8039 87
8040 87
8041 87
8042 87
8043 87
8044 87
8045 87
8046 87
8047 87
8048 87
8049 87
8050 87
8051 87
8052 87
8053 87
8054 87
8055 87
8056 87
8057 87
8058 87
8059 87
8060 87
8061 87
8062 87
8063 87
8064 87
8065 87
8066 87
8067 87
8068 87
8069 87
8070 87
8071 87
8072 87
8073 87
8074 87
8075 87
8076 87
8077 87
8078 87
8079 87
8080 87
8081 87
8082 88
8083 88
8084 88
8085 88
8086 88
8087 88
8088 88
8089 88
8090 88
8091 88
8092 88
8093 88
8094 88
8095 88
8096 88
8097 88
8098 88
8099 88
8100 88
8101 88
8102 88
8103 88
8104 88
8105 88
8106 88
8107 88
8108 88
8109 88
8110 88
8111 88
8112 88
8113 88
8114 88
8115 88
8116 88
8117 88
8118 88
8119 88
8120 88
8121 88
8122 88
8123 88
8124 88
8125 88
8126 88
8127 88
8128 88
8129 88
8130 88
8131 88
8132 88
8133 88
8134 88
8135 88
8136 88
8137 88
8138 88
8139 88
8140 88
8141 88
8142 88
8143 88
8144 88
8145 88
8146 88
8147 88
8148 88
8149 88
8150 88
8151 88
8152 88
8153 88
8154 88
8155 88
8156 88
8157 88
8158 88
8159 88
8160 88
8161 88
8162 88
8163 88
8164 88
8165 88
8166 88
8167 88
8168 89
8169 89
8170 89
8171 89
8172 89
8173 89
8174 89
8175 89
8176 89
8177 89
8178 89
8179 89
8180 89
8181 89
8182 89
8183 89
8184 89
8185 89
8186 89
8187 89
8188 89
8189 89
8190 89
8191 89
8192 89
8193 89
8194 89
8195 89
8196 89
8197 89
8198 89
8199 89
8200 89
8201 89
8202 89
8203 89
8204 89
8205 89
8206 89
8207 89
8208 89
8209 89
8210 89
8211 89
8212 89
8213 89
8214 89
8215 89
8216 89
8217 89
8218 89
8219 89
8220 89
8221 89
8222 89
8223 89
8224 89
8225 89
8226 89
8227 90
8228 90
8229 90
8230 90
8231 90
8232 90
8233 90
8234 90
8235 90
8236 90
8237 90
8238 90
8239 90
8240 90
8241 90
8242 90
8243 90
8244 90
8245 90
8246 90
8247 90
8248 90
8249 90
8250 90
8251 90
8252 90
8253 90
8254 90
8255 90
8256 90
8257 90
8258 90
8259 90
8260 90
8261 90
8262 90
8263 90
8264 90
8265 90
8266 90
8267 90
8268 90
8269 90
8270 90
8271 90
8272 90
8273 90
8274 90
8275 90
8276 90
8277 90
8278 90
8279 90
8280 90
8281 90
8282 90
8283 90
8284 90
8285 90
8286 90
8287 90
8288 90
8289 90
8290 90
8291 91
8292 91
8293 91
8294 91
8295 91
8296 91
8297 91
8298 91
8299 91
8300 91
8301 91
8302 91
8303 91
8304 91
8305 91
8306 91
8307 91
8308 91
8309 91
8310 91
8311 91
8312 91
8313 91
8314 91
8315 91
8316 91
8317 91
8318 91
8319 91
8320 91
8321 91
8322 91
8323 91
8324 91
8325 91
8326 92
8327 92
8328 92
8329 92
8330 92
8331 92
8332 92
8333 92
8334 92
8335 92
8336 92
8337 92
8338 92
8339 92
8340 92
8341 92
8342 92
8343 92
8344 92
8345 92
8346 92
8347 92
8348 92
8349 92
8350 92
8351 92
8352 92
8353 92
8354 92
8355 92
8356 92
8357 92
8358 92
8359 92
8360 92
8361 92
8362 92
8363 92
8364 92
8365 92
8366 92
8367 92
8368 92
8369 92
8370 92
8371 92
8372 92
8373 92
8374 92
8375 92
8376 92
8377 92
8378 92
8379 92
8380 92
8381 92
8382 92
8383 92
8384 92
8385 92
8386 92
8387 92
8388 92
8389 92
8390 92
8391 92
8392 92
8393 92
8394 92
8395 92
8396 92
8397 92
8398 92
8399 92
8400 92
8401 92
8402 92
8403 92
8404 92
8405 92
8406 92
8407 92
8408 92
8409 92
8410 92
8411 93
8412 93
8413 93
8414 93
8415 93
8416 93
8417 93
8418 93
8419 93
8420 93
8421 93
8422 93
8423 93
8424 93
8425 93
8426 93
8427 93
8428 93
8429 93
8430 93
8431 93
8432 93
8433 93
8434 93
8435 93
8436 93
8437 93
8438 93
8439 93
8440 93
8441 93
8442 93
8443 93
8444 93
8445 93
8446 93
8447 93
8448 93
8449 93
8450 93
8451 93
8452 93
8453 93
8454 93
8455 93
8456 93
8457 93
8458 93
8459 93
8460 94
8461 94
8462 94
8463 94
8464 94
8465 94
8466 94
8467 94
8468 94
8469 94
8470 94
8471 94
8472 94
8473 94
8474 94
8475 94
8476 94
8477 94
8478 94
8479 94
8480 94
8481 94
8482 94
8483 94
8484 94
8485 94
8486 94
8487 94
8488 94
8489 94
8490 94
8491 94
8492 94
8493 94
8494 94
8495 94
8496 94
8497 94
8498 94
8499 94
8500 94
8501 94
8502 94
8503 94
8504 94
8505 94
8506 94
8507 94
8508 94
8509 94
8510 94
8511 94
8512 94
8513 94
8514 94
8515 94
8516 94
8517 94
8518 94
8519 94
8520 94
8521 94
8522 94
8523 94
8524 94
8525 94
8526 94
8527 94
8528 94
8529 94
8530 94
8531 94
8532 94
8533 94
8534 94
8535 94
8536 94
8537 94
8538 94
8539 94
8540 94
8541 94
8542 94
8543 94
8544 94
8545 94
8546 95
8547 95
8548 95
8549 95
8550 95
8551 95
8552 95
8553 95
8554 95
8555 95
8556 95
8557 95
8558 95
8559 95
8560 95
8561 95
8562 95
8563 95
8564 95
8565 95
8566 95
8567 95
8568 95
8569 95
8570 95
8571 95
8572 95
8573 95
8574 95
8575 95
8576 95
8577 95
8578 95
8579 95
8580 95
8581 95
8582 95
8583 95
8584 95
8585 95
8586 95
8587 95
8588 95
8589 95
8590 95
8591 95
8592 95
8593 95
8594 95
8595 95
8596 95
8597 95
8598 95
8599 95
8600 95
8601 95
8602 95
8603 95
8604 95
8605 95
8606 95
8607 95
8608 95
8609 95
8610 95
8611 95
8612 95
8613 95
8614 95
8615 95
8616 95
8617 95
8618 95
8619 95
8620 95
8621 96
8622 96
8623 96
8624 96
8625 96
8626 96
8627 96
8628 96
8629 96
8630 96
8631 96
8632 96
8633 96
8634 96
8635 96
8636 96
8637 96
8638 96
8639 96
8640 96
8641 96
8642 96
8643 96
8644 96
8645 96
8646 96
8647 96
8648 96
8649 96
8650 96
8651 96
8652 96
8653 96
8654 96
8655 96
8656 96
8657 96
8658 96
8659 96
8660 96
8661 96
8662 96
8663 96
8664 96
8665 96
8666 96
8667 96
8668 96
8669 96
8670 96
8671 96
8672 96
8673 96
8674 96
8675 96
8676 96
8677 96
8678 96
8679 96
8680 96
8681 96
8682 96
8683 96
8684 96
8685 96
8686 96
8687 96
8688 96
8689 96
8690 96
8691 96
8692 96
8693 96
8694 96
8695 96
8696 96
8697 96
8698 96
8699 96
8700 96
8701 96
8702 96
8703 96
8704 96
8705 96
8706 96
8707 96
8708 96
8709 96
8710 96
8711 96
8712 96
8713 96
8714 96
8715 96
8716 96
8717 96
8718 96
8719 96
8720 96
8721 96
8722 96
8723 96
8724 96
8725 96
8726 96
8727 96
8728 96
8729 96
8730 96
8731 96
8732 96
8733 96
8734 96
8735 96
8736 96
8737 96
8738 96
8739 96
8740 96
8741 96
8742 96
8743 96
8744 96
8745 96
8746 96
8747 96
8748 96
8749 96
8750 96
8751 96
8752 96
8753 96
8754 96
8755 96
8756 96
8757 96
8758 96
8759 96
8760 96
8761 96
8762 96
8763 96
8764 96
8765 96
8766 96
8767 96
8768 96
8769 96
8770 96
8771 96
8772 96
8773 96
8774 96
8775 96
8776 96
8777 96
8778 96
8779 96
8780 96
8781 96
8782 96
8783 96
8784 96
8785 96
8786 96
8787 96
8788 96
8789 96
8790 96
8791 96
8792 96
8793 96
8794 96
8795 96
8796 96
8797 96
8798 96
8799 96
8800 96
8801 96
8802 96
8803 96
8804 96
8805 96
8806 96
8807 96
8808 96
8809 96
8810 96
8811 96
8812 96
8813 96
8814 96
8815 96
8816 96
8817 96
8818 96
8819 96
8820 96
8821 96
8822 96
8823 96
8824 96
8825 96
8826 96
8827 96
8828 96
8829 96
8830 96
8831 96
8832 96
8833 96
8834 96
8835 96
8836 96
8837 96
8838 96
8839 96
8840 96
8841 96
8842 96
8843 96
8844 96
8845 96
8846 96
8847 96
8848 96
8849 96
8850 96
8851 96
8852 96
8853 96
8854 96
8855 96
8856 96
8857 96
8858 96
8859 96
8860 97
8861 97
8862 97
8863 97
8864 97
8865 97
8866 97
8867 97
8868 97
8869 97
8870 97
8871 97
8872 97
8873 97
8874 97
8875 97
8876 97
8877 97
8878 97
8879 97
8880 97
8881 97
8882 97
8883 97
8884 97
8885 97
8886 97
8887 97
8888 97
8889 97
8890 97
8891 97
8892 97
8893 97
8894 97
8895 97
8896 97
8897 98
8898 98
8899 98
8900 98
8901 98
8902 98
8903 98
8904 98
8905 98
8906 98
8907 98
8908 98
8909 98
8910 98
8911 98
8912 98
8913 98
8914 98
8915 98
8916 98
8917 98
8918 98
8919 98
8920 98
8921 98
8922 98
8923 98
8924 98
8925 98
8926 98
8927 98
8928 98
8929 98
8930 98
8931 98
8932 98
8933 98
8934 98
8935 98
8936 98
8937 98
8938 98
8939 98
8940 98
8941 98
8942 98
8943 98
8944 98
8945 98
8946 98
8947 98
8948 98
8949 98
8950 98
8951 98
8952 98
8953 98
8954 98
8955 98
8956 99
8957 99
8958 99
8959 99
8960 99
8961 99
8962 99
8963 99
8964 99
8965 99
8966 99
8967 99
8968 99
8969 99
8970 99
8971 99
8972 99
8973 99
8974 99
8975 99
8976 99
8977 99
8978 99
8979 99
8980 99
8981 99
8982 99
8983 99
8984 99
8985 99
8986 99
8987 99
8988 99
8989 99
8990 100
8991 100
8992 100
8993 100
8994 100
8995 100
8996 100
8997 100
8998 100
8999 100
9000 100
9001 100
9002 100
9003 100
9004 100
9005 100
9006 100
9007 100
9008 100
9009 100
9010 100
9011 100
9012 100
9013 100
9014 100
9015 100
9016 100
9017 100
9018 100
9019 100
9020 100
9021 100
9022 100
9023 100
9024 100
9025 100
9026 100
9027 100
9028 100
9029 100
9030 100
9031 100
9032 100
9033 100
9034 100
9035 100
9036 100
9037 100
9038 100
9039 100
9040 100
9041 100
9042 100
9043 100
9044 100
9045 100
9046 101
9047 101
9048 101
9049 101
9050 101
9051 101
9052 101
9053 101
9054 101
9055 101
9056 101
9057 101
9058 101
9059 101
9060 101
9061 101
9062 101
9063 101
9064 101
9065 101
9066 101
9067 101
9068 101
9069 101
9070 101
9071 101
9072 101
9073 101
9074 101
9075 101
9076 101
9077 101
9078 101
9079 101
9080 101
9081 101
9082 101
9083 101
9084 101
9085 102
9086 102
9087 102
9088 102
9089 102
9090 102
9091 102
9092 102
9093 102
9094 102
9095 102
9096 102
9097 102
9098 102
9099 102
9100 102
9101 102
9102 102
9103 102
9104 102
9105 102
9106 102
9107 102
9108 102
9109 102
9110 102
9111 102
9112 102
9113 102
9114 102
9115 102
9116 102
9117 102
9118 102
9119 102
9120 102
9121 102
9122 102
9123 102
9124 102
9125 102
9126 102
9127 102
9128 102
9129 102
9130 102
9131 102
9132 102
9133 102
9134 102
9135 102
9136 102
9137 102
9138 102
9139 102
9140 102
9141 102
9142 102
9143 102
9144 102
